100
0 10
1 2
2 12
4 5
4 14
5 6
6 7
6 16
7 8
8 18
9 19
10 11
10 20
11 12
12 13
12 22
13 23
15 16
15 25
16 26
17 18
18 19
18 28
19 29
20 21
21 31
22 23
23 24
23 33
24 25
24 34
25 26
25 35
27 28
27 37
28 29
29 39
31 32
32 33
33 34
33 43
34 35
34 44
35 36
36 37
38 39
38 48
39 49
40 41
40 50
41 51
42 43
42 52
43 44
43 53
44 54
45 55
46 56
47 48
48 49
48 58
49 59
50 51
51 52
51 61
54 55
54 64
55 56
56 66
57 58
57 67
59 69
60 70
63 64
63 73
65 66
65 75
66 76
67 68
68 69
68 78
70 71
71 72
71 81
72 82
73 83
74 75
74 84
75 85
76 77
76 86
77 87
78 79
79 89
80 81
80 90
83 84
83 93
85 86
86 96
87 88
87 97
88 89
88 98
90 91
92 93
93 94
95 96
96 97
