2015
0 1
4 6
5 7
7 8
9 11
12 15
14 21
16 17
16 23
17 18
17 24
19 20
20 21
21 26
23 24
25 27
28 29
31 32
31 35
32 36
33 37
35 36
36 44
38 39
38 47
39 48
40 49
42 43
42 50
43 51
44 45
45 46
45 53
47 48
47 56
50 51
51 52
54 55
54 62
55 56
57 58
57 64
59 60
61 62
61 66
63 69
64 71
68 77
69 78
70 71
70 80
71 72
71 81
73 74
73 82
74 83
75 84
77 88
78 79
79 80
79 89
80 81
80 90
82 83
82 92
85 86
86 87
86 95
89 90
89 96
91 98
92 99
93 100
94 103
96 105
101 102
102 103
102 109
103 110
104 112
106 115
107 108
109 110
111 112
111 124
114 115
114 128
117 118
118 119
118 129
119 120
120 121
120 130
122 123
122 132
123 124
123 133
124 134
126 136
127 128
129 144
132 133
133 134
134 135
136 137
137 148
138 139
138 150
139 151
140 141
141 153
142 143
144 145
148 159
149 150
149 160
150 151
150 161
151 152
151 162
153 154
157 167
158 159
160 161
161 162
163 164
166 167
167 175
168 178
169 170
170 171
174 185
175 176
175 186
176 177
176 187
178 179
179 180
179 189
180 190
181 182
182 197
183 184
184 185
184 199
186 187
188 200
189 190
189 201
190 191
190 202
192 203
193 204
194 195
197 198
197 210
199 211
200 213
201 202
201 215
207 208
208 221
209 210
209 223
210 224
211 225
213 214
213 230
214 215
214 231
215 232
217 218
218 236
219 237
220 239
221 222
222 240
223 224
223 242
225 226
226 227
228 229
229 230
230 231
231 232
232 233
232 244
233 245
237 238
237 252
238 239
239 253
240 254
244 245
244 259
246 262
247 248
248 263
249 250
251 252
255 267
256 257
258 259
258 273
259 274
260 261
261 262
261 275
262 276
266 267
267 268
269 270
269 281
270 282
272 283
273 274
273 284
275 276
275 287
277 278
277 290
278 279
278 291
279 292
280 281
280 295
281 282
281 296
285 286
286 287
287 299
288 301
290 291
291 292
292 304
293 305
295 296
296 308
297 310
298 313
299 315
300 317
301 319
302 320
305 306
305 325
306 326
311 312
312 313
314 315
315 316
315 329
317 318
320 321
321 322
325 326
325 335
326 336
334 335
335 336
335 344
336 337
339 340
342 356
343 361
346 347
346 365
348 349
349 350
349 368
350 351
351 369
353 354
354 371
356 376
358 359
359 360
360 361
361 362
364 378
366 367
371 372
372 373
373 374
373 387
374 375
375 388
376 392
378 379
378 396
379 380
380 381
381 382
382 397
388 389
388 408
389 409
391 392
391 412
392 393
392 413
398 399
398 418
399 400
400 419
401 420
402 422
403 404
405 406
405 425
406 426
407 408
408 409
409 410
411 412
412 413
412 429
417 418
418 434
421 422
421 436
422 423
425 426
427 428
434 435
438 454
439 440
439 455
440 456
441 460
442 443
442 461
444 445
444 463
446 465
449 450
450 451
450 469
452 453
452 471
454 473
455 456
456 457
457 458
458 459
458 474
459 475
460 476
463 479
464 480
467 484
468 488
469 489
470 491
471 492
472 493
474 475
476 477
476 496
477 478
477 497
479 499
480 481
481 482
482 501
483 505
484 485
489 490
489 511
490 491
491 512
493 514
494 495
494 516
496 497
496 519
498 520
499 500
501 502
502 503
503 524
504 505
504 525
505 506
509 528
510 511
513 514
513 532
515 516
518 535
519 538
520 521
521 541
522 543
525 546
526 527
527 547
528 529
529 551
531 555
532 556
534 559
535 536
536 560
537 538
537 562
538 539
539 540
539 563
541 542
542 543
542 565
543 544
544 545
544 566
546 570
548 549
549 550
550 572
551 574
552 553
553 554
553 580
554 581
555 582
557 558
557 584
560 561
560 588
561 562
564 589
567 568
570 571
570 593
571 594
573 574
574 575
575 576
576 597
577 578
577 598
578 579
580 581
580 600
581 601
583 604
585 586
586 605
587 588
589 608
591 592
591 611
592 593
593 594
594 612
599 600
600 601
601 602
605 626
606 607
606 627
609 628
611 632
612 613
613 634
614 636
615 616
616 617
617 637
618 619
621 622
621 640
624 625
626 645
628 629
628 651
629 652
630 631
635 636
635 654
637 638
637 655
638 656
640 660
642 663
645 646
645 670
646 647
647 671
649 650
650 675
651 652
652 677
655 656
655 684
656 685
657 658
658 659
658 687
660 688
661 690
662 663
663 664
663 691
664 665
666 693
667 668
667 694
669 670
671 672
675 676
677 698
678 699
679 701
680 681
680 702
681 703
682 705
683 707
684 685
684 711
687 713
688 689
689 690
691 714
694 717
696 697
696 721
697 722
698 723
699 700
699 725
702 703
702 726
703 704
703 727
704 705
704 728
705 706
706 707
707 708
708 709
708 729
709 710
710 730
711 732
712 733
713 737
715 743
716 744
718 748
719 749
720 721
721 722
721 752
723 724
724 725
724 755
726 727
726 758
727 728
731 732
731 760
733 761
734 735
735 736
736 737
737 738
738 762
739 740
740 741
741 742
743 768
745 772
746 747
746 773
747 748
748 774
749 775
750 751
750 777
753 754
756 757
757 780
759 784
762 763
762 788
763 764
763 789
767 768
768 791
769 793
770 771
770 795
771 772
775 776
775 798
776 777
776 799
777 800
778 802
779 803
782 783
782 806
784 785
785 808
788 789
789 813
790 815
792 793
793 794
794 795
797 798
798 799
799 800
799 820
800 801
800 821
801 802
802 822
803 804
806 826
808 809
808 828
809 810
810 829
812 834
815 840
816 842
817 818
817 844
820 821
822 823
822 848
824 825
826 856
827 828
827 859
829 830
830 860
831 832
831 861
832 833
832 862
833 834
836 837
836 865
837 838
837 866
838 867
840 869
841 872
844 875
845 846
846 847
849 880
850 851
851 852
852 853
854 882
856 857
856 884
857 858
858 859
858 885
860 888
861 862
863 864
863 890
864 865
865 866
865 891
866 867
866 892
867 893
869 870
871 872
871 898
873 900
875 876
875 902
876 903
877 904
880 881
880 907
882 883
883 910
885 912
886 887
889 918
890 919
891 892
892 893
893 920
895 922
896 923
897 898
898 925
899 900
899 928
900 901
900 929
901 930
902 903
906 933
908 909
909 935
910 938
911 912
912 913
916 945
917 918
917 947
918 948
920 921
922 951
925 926
926 927
927 928
928 929
929 930
929 955
930 931
931 956
936 937
937 938
938 939
940 941
941 967
942 943
942 968
943 969
944 971
945 946
946 947
947 948
947 972
948 973
949 950
952 953
952 977
953 978
954 979
956 957
956 984
958 959
959 960
959 987
961 962
962 963
963 989
964 990
965 966
965 992
966 993
968 969
968 998
970 1000
971 1002
972 973
972 1005
975 1008
977 978
980 981
980 1015
981 982
981 1016
983 984
985 986
987 1018
989 1020
990 991
992 993
992 1025
995 996
996 1030
997 998
999 1000
1000 1001
1001 1002
1001 1032
1002 1003
1003 1004
1003 1033
1006 1007
1006 1036
1007 1008
1009 1010
1010 1038
1011 1012
1013 1041
1014 1015
1015 1016
1017 1044
1019 1047
1020 1021
1020 1048
1021 1022
1022 1049
1023 1024
1024 1025
1026 1027
1028 1029
1032 1054
1033 1055
1034 1057
1035 1036
1036 1058
1038 1039
1040 1064
1041 1042
1043 1044
1043 1069
1044 1070
1045 1072
1049 1076
1051 1080
1052 1081
1056 1057
1061 1062
1061 1090
1062 1063
1062 1091
1063 1064
1065 1066
1066 1094
1067 1068
1069 1070
1069 1096
1070 1071
1071 1097
1072 1073
1072 1098
1074 1099
1076 1077
1076 1103
1077 1104
1079 1109
1081 1111
1083 1112
1085 1115
1088 1089
1089 1119
1090 1091
1092 1120
1093 1123
1096 1125
1097 1127
1098 1129
1101 1132
1102 1103
1103 1104
1104 1134
1105 1106
1106 1107
1107 1108
1107 1137
1108 1138
1110 1111
1110 1141
1112 1113
1113 1143
1114 1115
1114 1144
1115 1116
1115 1145
1116 1146
1118 1147
1119 1149
1120 1121
1120 1152
1122 1123
1122 1154
1123 1155
1124 1125
1124 1157
1125 1126
1126 1127
1128 1129
1129 1130
1129 1160
1131 1132
1131 1163
1132 1133
1132 1164
1134 1135
1135 1136
1137 1138
1138 1139
1138 1168
1139 1169
1140 1141
1143 1173
1144 1145
1144 1175
1145 1146
1145 1176
1146 1177
1148 1149
1149 1181
1150 1151
1150 1182
1153 1187
1154 1155
1154 1188
1156 1157
1157 1190
1158 1159
1158 1192
1161 1195
1162 1163
1162 1197
1163 1164
1163 1198
1165 1199
1166 1167
1166 1201
1168 1169
1168 1202
1169 1203
1170 1171
1170 1207
1171 1208
1172 1173
1173 1174
1174 1175
1174 1210
1175 1176
1175 1211
1176 1177
1177 1212
1179 1180
1179 1217
1181 1219
1182 1220
1183 1184
1184 1185
1184 1221
1185 1186
1185 1222
1189 1223
1195 1196
1195 1228
1196 1229
1197 1198
1199 1233
1200 1234
1201 1236
1202 1203
1203 1204
1203 1239
1204 1205
1205 1240
1206 1207
1207 1208
1207 1241
1209 1242
1210 1211
1210 1244
1211 1245
1213 1246
1215 1248
1216 1217
1217 1250
1218 1219
1219 1254
1220 1255
1221 1222
1224 1263
1225 1264
1228 1229
1228 1268
1229 1230
1232 1233
1233 1270
1234 1235
1234 1271
1235 1236
1236 1237
1236 1272
1238 1274
1239 1275
1243 1244
1244 1245
1245 1278
1247 1248
1248 1249
1248 1282
1249 1283
1250 1251
1250 1284
1251 1252
1252 1253
1255 1256
1255 1285
1256 1257
1257 1286
1261 1292
1265 1266
1265 1294
1268 1296
1273 1274
1275 1299
1278 1279
1280 1281
1282 1283
1283 1306
1289 1313
1290 1291
1292 1293
1293 1320
1297 1298
1298 1323
1300 1301
1302 1330
1304 1305
1304 1333
1306 1335
1307 1308
1308 1309
1312 1313
1313 1314
1313 1342
1314 1343
1316 1317
1317 1318
1318 1319
1321 1349
1323 1324
1323 1358
1324 1359
1325 1360
1326 1361
1330 1331
1330 1369
1333 1372
1334 1335
1334 1375
1335 1336
1335 1376
1337 1338
1339 1382
1340 1384
1342 1343
1349 1350
1350 1351
1350 1390
1352 1353
1354 1355
1354 1394
1355 1356
1355 1395
1356 1357
1356 1396
1357 1358
1358 1359
1358 1397
1360 1399
1361 1362
1362 1363
1362 1401
1364 1365
1367 1403
1369 1405
1370 1371
1371 1407
1372 1373
1374 1375
1374 1409
1375 1376
1376 1410
1377 1378
1377 1412
1378 1379
1379 1380
1381 1415
1382 1383
1383 1384
1386 1419
1387 1427
1388 1430
1389 1431
1390 1433
1391 1392
1393 1394
1394 1395
1394 1436
1395 1396
1398 1399
1399 1400
1404 1405
1404 1444
1408 1409
1410 1411
1410 1449
1411 1412
1412 1450
1413 1414
1413 1452
1414 1415
1417 1456
1418 1419
1418 1458
1420 1421
1420 1461
1421 1422
1422 1462
1424 1425
1424 1464
1425 1426
1425 1465
1426 1427
1426 1466
1427 1428
1427 1467
1428 1468
1429 1430
1431 1432
1431 1470
1432 1433
1434 1471
1437 1472
1438 1439
1439 1440
1440 1441
1445 1483
1446 1485
1447 1487
1448 1449
1448 1489
1449 1490
1450 1451
1451 1491
1453 1454
1453 1494
1454 1455
1454 1495
1455 1456
1456 1457
1456 1496
1457 1458
1457 1497
1460 1461
1464 1465
1465 1466
1466 1467
1467 1468
1468 1500
1469 1470
1469 1503
1470 1504
1471 1507
1472 1510
1473 1474
1473 1512
1474 1475
1475 1476
1475 1513
1478 1479
1479 1516
1480 1481
1481 1518
1482 1519
1483 1484
1484 1522
1485 1486
1487 1488
1489 1490
1491 1492
1491 1527
1492 1528
1493 1530
1494 1495
1494 1533
1495 1534
1496 1497
1501 1502
1502 1503
1503 1504
1505 1506
1506 1507
1507 1508
1507 1541
1509 1510
1509 1546
1511 1512
1513 1548
1514 1515
1516 1517
1516 1552
1519 1520
1520 1555
1523 1524
1525 1526
1525 1560
1526 1527
1526 1561
1527 1528
1528 1529
1529 1562
1531 1532
1532 1533
1533 1534
1534 1535
1539 1573
1542 1543
1544 1545
1545 1546
1546 1577
1547 1578
1548 1580
1549 1550
1550 1581
1551 1583
1553 1554
1555 1589
1556 1557
1556 1592
1558 1559
1558 1593
1560 1561
1560 1594
1562 1597
1563 1564
1565 1566
1567 1568
1567 1601
1568 1569
1569 1602
1571 1572
1571 1604
1573 1574
1574 1575
1577 1610
1578 1579
1578 1611
1580 1612
1581 1582
1582 1583
1583 1584
1585 1586
1585 1617
1586 1587
1586 1618
1590 1591
1590 1621
1591 1622
1595 1596
1595 1625
1596 1597
1600 1601
1602 1603
1602 1630
1603 1631
1605 1606
1605 1638
1606 1607
1607 1639
1608 1642
1609 1610
1610 1645
1614 1615
1616 1617
1616 1651
1617 1618
1618 1652
1620 1621
1621 1622
1621 1654
1622 1623
1622 1655
1623 1656
1625 1661
1627 1628
1629 1630
1630 1631
1631 1666
1634 1635
1635 1669
1636 1637
1636 1671
1637 1638
1638 1672
1639 1640
1639 1674
1640 1641
1640 1675
1641 1642
1642 1676
1643 1644
1645 1680
1646 1681
1650 1651
1650 1688
1652 1689
1653 1692
1654 1655
1655 1656
1658 1696
1659 1698
1662 1663
1663 1664
1663 1702
1666 1667
1666 1710
1668 1713
1669 1670
1670 1671
1670 1716
1672 1673
1672 1717
1673 1674
1673 1718
1674 1675
1675 1719
1676 1721
1678 1679
1678 1724
1679 1680
1681 1727
1683 1684
1683 1728
1684 1685
1684 1729
1685 1686
1686 1687
1686 1730
1687 1731
1690 1735
1691 1692
1692 1693
1695 1696
1696 1697
1696 1738
1698 1739
1699 1700
1701 1742
1703 1704
1703 1746
1704 1747
1705 1749
1706 1707
1707 1708
1707 1751
1708 1709
1709 1710
1710 1752
1712 1713
1712 1755
1713 1714
1716 1758
1717 1718
1717 1760
1719 1720
1720 1721
1720 1761
1722 1723
1723 1724
1723 1766
1725 1726
1725 1767
1726 1727
1728 1729
1728 1770
1729 1771
1730 1731
1730 1772
1731 1773
1732 1733
1732 1775
1733 1776
1734 1735
1734 1778
1736 1737
1736 1785
1737 1786
1739 1740
1739 1789
1742 1743
1743 1793
1745 1746
1745 1795
1746 1747
1746 1796
1747 1748
1748 1797
1749 1750
1749 1798
1752 1753
1753 1754
1753 1801
1756 1804
1757 1758
1759 1760
1759 1805
1762 1763
1762 1808
1763 1809
1764 1765
1765 1811
1766 1812
1768 1816
1769 1770
1770 1771
1771 1817
1772 1773
1772 1819
1773 1774
1773 1820
1775 1776
1776 1777
1776 1822
1777 1778
1779 1825
1780 1781
1781 1782
1782 1783
1783 1827
1784 1829
1785 1786
1787 1788
1787 1832
1788 1789
1788 1833
1790 1834
1791 1792
1791 1836
1793 1794
1794 1838
1795 1796
1798 1840
1799 1842
1800 1845
1801 1846
1802 1847
1805 1855
1806 1807
1808 1809
1808 1857
1809 1810
1812 1813
1813 1814
1814 1859
1816 1861
1817 1818
1818 1819
1819 1820
1821 1865
1823 1824
1823 1868
1824 1825
1825 1826
1827 1828
1828 1829
1828 1870
1829 1830
1829 1871
1830 1872
1831 1832
1832 1833
1834 1877
1838 1882
1839 1885
1840 1841
1841 1842
1842 1843
1843 1844
1843 1886
1844 1845
1845 1887
1846 1889
1847 1848
1847 1890
1848 1849
1848 1891
1852 1893
1854 1855
1859 1860
1863 1864
1864 1865
1864 1901
1866 1867
1867 1868
1870 1871
1870 1905
1871 1872
1872 1873
1872 1906
1873 1874
1874 1907
1875 1876
1876 1877
1877 1878
1878 1879
1878 1912
1880 1913
1881 1882
1881 1915
1883 1884
1887 1888
1888 1889
1888 1917
1889 1918
1890 1891
1890 1920
1891 1921
1893 1926
1897 1898
1897 1934
1899 1936
1900 1942
1901 1944
1902 1903
1906 1949
1907 1908
1907 1951
1908 1909
1909 1910
1909 1952
1910 1911
1910 1953
1911 1954
1912 1957
1913 1914
1913 1958
1914 1915
1915 1959
1916 1962
1917 1918
1918 1919
1919 1920
1919 1965
1920 1921
1921 1922
1922 1966
1923 1924
1926 1970
1927 1971
1928 1973
1930 1976
1931 1932
1932 1933
1933 1934
1936 1937
1937 1938
1938 1939
1941 1942
1942 1943
1944 1945
1944 1983
1948 1949
1948 1990
1949 1950
1950 1951
1950 1991
1951 1992
1952 1953
1953 1954
1954 1993
1955 1956
1956 1994
1957 1996
1959 1997
1960 1998
1961 1962
1961 2001
1963 2003
1964 2005
1965 2008
1967 1968
1967 2011
1968 2012
1969 2014
1971 1972
1975 1976
1976 1977
1977 1978
1982 1983
1985 1986
1987 1988
1989 1990
1991 1992
1994 1995
1995 1996
1999 2000
2000 2001
2002 2003
2003 2004
2005 2006
2006 2007
2007 2008
2008 2009
2011 2012
2012 2013
