2041
0 1
1 2
4 5
5 6
9 10
10 14
11 12
11 16
12 13
15 18
16 19
17 18
18 21
20 24
23 24
23 29
24 25
26 27
30 31
30 36
33 40
37 44
38 39
39 40
39 45
40 41
40 46
43 44
45 46
45 49
47 54
48 49
48 57
50 51
51 58
52 53
54 55
56 57
56 65
57 66
58 59
59 69
60 70
61 62
62 63
63 64
64 65
64 71
65 66
65 72
66 67
68 73
71 72
73 74
75 76
76 81
77 78
78 79
81 82
81 89
83 96
85 98
87 88
88 100
90 101
91 92
92 93
93 94
94 95
95 96
96 102
97 98
97 106
98 99
102 103
103 104
104 105
104 114
105 106
106 115
107 117
109 120
110 111
111 112
111 121
112 113
112 122
114 125
116 128
117 118
118 130
119 120
119 133
121 122
123 124
124 125
124 137
125 126
127 128
127 138
128 129
129 139
130 131
131 132
135 136
135 143
138 144
142 150
146 147
146 158
147 148
148 159
149 160
150 151
151 162
152 165
153 154
154 167
155 156
155 169
158 171
161 176
162 163
162 178
163 164
163 179
164 165
164 180
167 168
168 183
171 172
173 187
176 177
177 178
178 179
179 180
179 190
180 191
182 192
183 184
183 193
184 194
186 187
186 197
187 188
189 201
190 191
190 205
191 206
192 208
193 194
194 195
197 211
198 199
200 201
202 203
203 204
204 205
204 214
205 206
207 216
208 217
209 210
210 221
211 212
212 213
215 216
216 231
217 232
219 220
220 237
221 238
222 240
223 241
224 242
225 226
225 244
226 245
227 246
228 229
229 248
230 249
231 251
232 233
233 253
234 255
235 236
238 239
241 258
242 243
243 244
244 245
246 247
246 260
248 262
250 251
251 252
251 263
253 254
254 255
256 268
259 260
260 270
262 273
263 274
264 265
265 266
265 277
267 268
268 279
270 271
272 273
273 284
274 288
276 290
279 280
280 291
282 283
284 285
285 298
286 287
287 288
287 299
288 289
289 300
290 302
291 305
292 308
293 294
293 309
294 295
299 314
301 302
305 306
306 307
307 308
309 317
311 321
313 314
316 330
317 318
317 332
319 334
321 322
322 323
323 339
325 346
326 327
326 347
330 331
331 332
333 334
333 351
335 336
337 338
337 353
338 354
339 340
339 357
341 342
342 343
343 360
344 363
345 346
347 365
348 349
350 351
351 370
353 354
354 355
355 356
356 357
360 361
361 379
362 363
363 364
363 380
365 366
365 381
366 382
370 371
371 386
372 373
372 387
373 374
374 388
377 378
377 392
381 382
383 396
384 385
385 399
387 404
388 405
389 406
390 409
392 411
394 414
395 396
397 398
399 418
401 402
401 419
406 422
407 408
407 424
409 410
410 426
411 412
412 428
417 418
420 435
421 422
422 423
422 440
423 424
423 441
424 442
425 444
426 427
427 445
428 447
429 430
430 431
430 449
431 450
432 433
432 451
434 435
435 436
435 462
437 438
438 439
440 441
441 442
441 463
442 443
443 444
444 464
446 467
447 448
448 470
449 450
449 473
452 453
453 477
454 455
454 478
455 456
457 458
458 459
458 479
459 460
460 461
461 480
463 482
466 467
466 485
467 468
467 486
468 487
470 471
470 489
471 472
472 490
474 475
474 491
476 492
477 494
478 496
479 498
481 502
482 503
484 485
485 486
486 487
486 506
487 507
488 509
489 511
490 512
492 493
492 514
493 494
494 495
495 496
498 499
498 515
500 516
501 502
502 518
503 504
505 522
506 507
506 524
507 525
509 510
509 526
510 511
511 527
512 513
512 528
514 531
516 517
517 540
518 519
520 521
524 525
525 543
526 545
528 546
529 550
530 531
531 551
532 533
533 534
534 535
534 553
535 536
535 554
536 537
537 555
539 556
540 541
541 558
542 562
544 565
546 547
546 570
547 548
548 571
549 573
551 552
553 554
553 578
556 557
556 581
558 583
560 587
563 564
563 593
564 565
564 594
565 566
565 595
566 567
568 569
569 570
571 572
572 573
572 598
573 574
574 575
574 599
576 577
579 580
580 581
580 606
582 583
583 584
585 609
586 587
587 588
588 589
590 613
591 592
591 614
592 615
593 594
594 595
600 601
601 622
602 627
603 604
604 605
604 629
607 633
608 609
608 635
609 610
610 636
611 638
612 613
614 615
614 640
615 641
617 646
618 647
621 649
622 623
622 651
623 624
624 625
624 652
625 626
626 627
627 628
627 653
628 654
630 631
630 655
632 633
632 657
633 634
634 658
635 659
636 661
637 638
638 662
640 641
641 642
642 643
644 665
645 666
648 668
649 650
649 672
650 651
650 673
653 654
653 674
656 657
656 677
659 660
660 661
662 680
663 681
668 669
669 670
669 691
671 672
672 673
673 693
675 700
676 677
678 701
681 682
682 708
684 685
684 711
687 688
689 714
693 694
695 696
695 718
696 697
697 719
698 699
699 700
699 720
702 725
703 704
705 706
707 728
708 709
709 730
714 735
717 718
717 743
721 722
721 744
722 723
722 745
723 746
724 725
724 747
725 726
725 748
728 729
729 754
730 731
730 756
732 757
735 736
737 761
739 740
739 763
741 764
742 743
744 745
744 769
745 746
745 770
746 771
747 748
747 773
750 751
751 752
751 776
752 753
752 777
753 778
754 755
754 780
755 756
755 781
756 782
758 788
759 790
762 763
764 765
765 794
766 767
767 796
768 769
769 770
770 771
770 799
771 772
771 800
772 801
774 802
775 803
776 777
777 778
778 779
778 804
779 780
780 781
780 805
781 782
781 806
782 783
782 807
783 784
784 808
785 786
785 810
786 787
787 788
787 811
788 812
789 813
792 793
792 820
795 823
796 824
797 798
797 826
799 800
800 801
801 829
804 836
805 806
806 807
808 809
809 810
811 812
815 843
816 844
818 819
818 849
819 850
820 853
821 855
822 823
823 856
824 825
824 858
825 859
826 860
828 862
829 830
830 831
831 832
831 864
832 833
832 865
835 836
835 869
836 837
836 870
838 873
840 878
841 879
842 843
843 881
844 845
844 882
846 884
848 849
849 850
849 887
851 852
852 853
852 889
853 854
853 890
854 855
856 857
857 891
858 859
858 892
859 893
860 861
862 863
862 895
863 896
864 865
864 898
867 868
868 869
868 903
869 870
871 904
872 873
872 906
873 907
874 875
875 908
877 878
877 911
878 912
879 880
883 914
884 885
885 915
886 917
888 919
889 890
892 893
892 926
895 896
896 897
899 900
901 902
902 929
903 931
904 905
904 934
905 906
905 935
906 907
906 936
908 909
910 911
911 912
912 937
913 938
915 916
916 917
917 918
917 944
919 920
919 946
921 922
922 948
923 924
923 949
925 926
925 950
926 951
927 952
928 954
929 930
930 931
931 932
932 933
932 960
933 961
934 935
935 936
935 962
936 963
938 939
938 968
939 940
939 969
940 970
942 943
947 975
948 977
950 951
951 981
952 953
953 954
953 983
954 955
955 984
956 957
958 959
960 961
961 989
962 963
963 990
964 992
965 994
966 995
967 968
967 996
968 969
968 997
969 970
970 971
971 998
972 999
973 974
973 1000
975 976
975 1006
976 1007
977 978
979 980
979 1009
982 1010
984 985
986 987
987 988
988 1014
991 992
991 1017
993 994
996 997
998 1023
1001 1002
1001 1026
1002 1027
1003 1004
1004 1005
1005 1006
1005 1028
1006 1007
1007 1029
1008 1009
1009 1030
1010 1033
1012 1013
1015 1043
1016 1047
1018 1049
1021 1022
1021 1053
1022 1023
1024 1054
1025 1026
1026 1027
1026 1059
1027 1060
1028 1063
1030 1031
1030 1066
1031 1032
1032 1067
1033 1034
1033 1069
1034 1070
1036 1037
1038 1039
1039 1040
1040 1041
1042 1043
1042 1075
1043 1044
1044 1045
1044 1076
1045 1046
1047 1048
1047 1078
1049 1080
1054 1055
1057 1058
1057 1085
1058 1086
1059 1060
1059 1088
1060 1089
1061 1062
1062 1063
1062 1091
1063 1064
1063 1092
1065 1066
1065 1095
1068 1069
1068 1096
1069 1070
1069 1097
1070 1098
1071 1072
1071 1099
1072 1100
1073 1074
1073 1101
1074 1102
1076 1108
1077 1078
1079 1080
1082 1115
1083 1117
1084 1120
1085 1086
1086 1087
1087 1088
1088 1089
1089 1090
1089 1121
1091 1092
1092 1123
1094 1095
1096 1097
1097 1098
1099 1100
1100 1128
1101 1102
1101 1130
1102 1103
1102 1131
1104 1105
1104 1132
1105 1106
1105 1133
1107 1134
1108 1136
1110 1111
1111 1112
1111 1140
1112 1113
1112 1141
1113 1114
1113 1142
1114 1115
1114 1143
1116 1144
1117 1118
1118 1119
1118 1146
1121 1150
1122 1152
1123 1124
1125 1126
1125 1158
1126 1159
1129 1130
1130 1131
1132 1133
1132 1164
1134 1135
1136 1137
1138 1169
1139 1170
1140 1141
1140 1172
1141 1142
1142 1143
1147 1148
1147 1175
1149 1150
1150 1151
1150 1179
1151 1152
1151 1180
1152 1153
1152 1181
1153 1182
1154 1155
1154 1183
1155 1184
1156 1157
1156 1185
1158 1159
1165 1192
1166 1194
1167 1196
1168 1200
1169 1201
1170 1171
1170 1203
1171 1172
1174 1209
1175 1210
1177 1178
1177 1214
1178 1215
1179 1180
1179 1217
1180 1181
1180 1218
1181 1182
1181 1219
1183 1184
1183 1222
1184 1223
1186 1225
1187 1188
1187 1226
1188 1227
1191 1231
1192 1193
1194 1195
1194 1233
1195 1234
1196 1235
1197 1198
1198 1236
1199 1200
1201 1202
1201 1238
1202 1203
1203 1239
1204 1243
1205 1206
1206 1207
1207 1208
1208 1245
1213 1214
1213 1249
1214 1215
1214 1250
1215 1216
1215 1251
1216 1217
1217 1218
1217 1252
1218 1219
1218 1253
1221 1222
1222 1223
1223 1254
1225 1256
1226 1227
1227 1228
1229 1230
1230 1231
1231 1232
1233 1234
1233 1259
1236 1260
1237 1238
1237 1264
1239 1240
1239 1265
1240 1241
1240 1266
1241 1267
1242 1243
1243 1244
1243 1268
1244 1269
1245 1246
1246 1271
1247 1275
1248 1278
1249 1250
1250 1251
1250 1281
1251 1282
1252 1253
1255 1288
1256 1291
1259 1295
1260 1261
1261 1262
1261 1298
1262 1299
1263 1264
1265 1266
1265 1301
1266 1267
1268 1269
1268 1302
1269 1270
1270 1303
1271 1305
1272 1273
1272 1306
1273 1274
1274 1275
1274 1307
1276 1277
1277 1278
1279 1280
1280 1311
1281 1282
1282 1283
1283 1314
1285 1317
1286 1287
1286 1318
1288 1289
1288 1320
1289 1290
1290 1291
1291 1292
1291 1321
1294 1328
1296 1297
1298 1299
1299 1331
1300 1301
1300 1335
1303 1338
1304 1339
1306 1341
1308 1342
1309 1310
1310 1345
1311 1312
1312 1346
1314 1315
1315 1316
1316 1349
1319 1320
1319 1353
1320 1354
1321 1356
1322 1323
1322 1357
1324 1325
1324 1358
1325 1359
1329 1330
1329 1361
1330 1362
1331 1332
1331 1364
1332 1333
1333 1334
1334 1365
1335 1367
1336 1368
1337 1338
1339 1370
1340 1341
1342 1343
1343 1372
1345 1373
1346 1347
1346 1376
1347 1377
1348 1379
1349 1381
1350 1351
1351 1352
1351 1385
1352 1353
1352 1386
1353 1354
1354 1387
1355 1356
1358 1359
1361 1362
1363 1394
1365 1366
1366 1367
1369 1370
1371 1405
1373 1374
1373 1406
1374 1375
1374 1407
1375 1376
1376 1377
1376 1408
1377 1378
1377 1409
1381 1382
1382 1383
1382 1412
1383 1413
1385 1386
1386 1416
1388 1418
1392 1393
1395 1427
1396 1429
1397 1430
1398 1399
1399 1432
1401 1402
1401 1434
1402 1403
1403 1404
1403 1435
1404 1405
1406 1407
1408 1409
1408 1437
1412 1413
1412 1440
1413 1414
1414 1415
1414 1441
1415 1442
1417 1447
1419 1451
1422 1454
1425 1426
1429 1460
1430 1431
1431 1461
1432 1433
1436 1437
1438 1439
1438 1472
1441 1442
1442 1443
1442 1473
1443 1444
1443 1474
1444 1475
1445 1446
1445 1476
1446 1447
1447 1448
1447 1477
1448 1478
1449 1450
1451 1452
1451 1480
1453 1454
1456 1457
1459 1460
1459 1491
1460 1492
1461 1462
1462 1495
1464 1465
1464 1500
1465 1466
1467 1501
1469 1470
1469 1503
1471 1506
1472 1508
1473 1474
1474 1475
1476 1513
1477 1478
1480 1520
1483 1484
1484 1485
1485 1486
1486 1526
1487 1488
1490 1491
1491 1492
1492 1493
1492 1529
1493 1494
1495 1496
1495 1530
1499 1500
1499 1533
1504 1505
1505 1506
1505 1536
1509 1510
1511 1512
1511 1541
1512 1513
1512 1542
1513 1514
1514 1543
1515 1516
1515 1545
1517 1518
1518 1519
1518 1546
1519 1547
1520 1521
1520 1548
1522 1523
1523 1550
1524 1525
1524 1552
1526 1527
1527 1555
1532 1533
1533 1564
1538 1571
1540 1541
1540 1573
1541 1542
1541 1574
1544 1545
1544 1576
1546 1547
1546 1579
1547 1580
1549 1582
1551 1552
1552 1585
1553 1554
1554 1587
1555 1556
1555 1589
1556 1590
1558 1594
1560 1561
1562 1596
1563 1597
1564 1565
1566 1602
1567 1568
1569 1604
1570 1607
1571 1572
1573 1574
1573 1610
1575 1576
1575 1612
1577 1578
1578 1614
1579 1580
1580 1581
1582 1583
1582 1617
1583 1618
1586 1621
1587 1588
1587 1623
1588 1589
1589 1590
1589 1624
1590 1591
1592 1593
1592 1626
1593 1594
1593 1627
1594 1595
1597 1633
1598 1599
1602 1637
1603 1638
1604 1639
1606 1607
1607 1608
1611 1648
1614 1615
1615 1651
1617 1618
1620 1621
1620 1657
1621 1622
1621 1658
1622 1623
1622 1659
1623 1660
1625 1626
1626 1627
1627 1663
1628 1629
1631 1667
1633 1669
1634 1635
1636 1637
1636 1674
1638 1675
1642 1643
1643 1644
1643 1677
1644 1645
1645 1646
1650 1681
1652 1685
1653 1654
1655 1656
1656 1657
1657 1658
1658 1659
1658 1687
1659 1660
1659 1688
1660 1661
1665 1692
1666 1667
1667 1694
1668 1696
1669 1670
1669 1697
1670 1698
1671 1672
1675 1702
1677 1709
1679 1711
1680 1681
1680 1713
1681 1714
1682 1715
1684 1685
1684 1720
1685 1686
1686 1721
1687 1688
1692 1693
1693 1732
1694 1734
1695 1696
1696 1735
1697 1698
1698 1699
1700 1736
1701 1702
1702 1703
1702 1739
1707 1742
1708 1709
1711 1745
1713 1714
1713 1747
1714 1748
1715 1716
1715 1749
1717 1718
1720 1750
1721 1722
1724 1725
1724 1754
1728 1729
1728 1756
1729 1730
1729 1757
1730 1731
1731 1758
1733 1734
1733 1759
1737 1738
1737 1764
1738 1765
1740 1770
1741 1772
1743 1773
1745 1746
1747 1748
1747 1775
1749 1777
1750 1751
1750 1782
1753 1785
1755 1786
1756 1757
1761 1790
1763 1764
1763 1793
1764 1765
1765 1794
1766 1796
1768 1800
1769 1802
1772 1806
1773 1810
1774 1812
1776 1777
1777 1778
1779 1780
1779 1818
1780 1781
1781 1819
1782 1820
1783 1822
1784 1785
1786 1827
1787 1788
1790 1791
1790 1833
1792 1793
1792 1836
1794 1795
1794 1837
1796 1797
1798 1799
1799 1800
1799 1840
1800 1801
1800 1841
1801 1802
1801 1842
1803 1804
1807 1808
1808 1809
1809 1847
1810 1811
1811 1812
1814 1849
1815 1851
1816 1817
1820 1821
1820 1858
1821 1822
1824 1862
1825 1826
1826 1863
1831 1832
1832 1870
1834 1874
1835 1836
1835 1875
1836 1876
1837 1878
1838 1880
1840 1841
1841 1842
1843 1844
1846 1888
1847 1889
1848 1849
1848 1892
1849 1850
1849 1893
1850 1851
1850 1894
1851 1895
1852 1853
1853 1854
1854 1855
1856 1898
1857 1858
1858 1900
1860 1861
1861 1862
1861 1902
1863 1903
1865 1866
1866 1867
1866 1906
1867 1907
1868 1908
1870 1871
1870 1911
1872 1873
1872 1913
1873 1914
1874 1915
1875 1876
1875 1916
1877 1878
1877 1918
1878 1879
1878 1919
1879 1920
1880 1881
1881 1882
1881 1922
1883 1884
1887 1888
1888 1930
1889 1890
1889 1932
1891 1892
1892 1893
1892 1934
1893 1894
1894 1895
1895 1896
1897 1937
1898 1899
1899 1938
1901 1941
1903 1904
1903 1944
1904 1945
1905 1949
1906 1907
1906 1950
1908 1909
1911 1952
1912 1913
1912 1953
1913 1914
1913 1954
1914 1955
1916 1958
1917 1918
1917 1960
1918 1919
1919 1920
1920 1921
1920 1961
1923 1924
1926 1927
1927 1966
1929 1968
1930 1931
1932 1970
1934 1973
1937 1978
1939 1940
1940 1941
1941 1942
1942 1980
1943 1944
1943 1981
1944 1945
1945 1946
1946 1947
1947 1948
1948 1949
1950 1982
1952 1986
1953 1954
1954 1955
1955 1956
1956 1988
1957 1958
1958 1959
1959 1960
1959 1990
1961 1991
1962 1995
1964 1965
1965 1998
1966 1967
1966 1999
1968 1969
1971 1972
1971 2010
1972 1973
1973 1974
1974 1975
1976 2011
1977 2013
1979 2015
1985 1986
1985 2025
1986 1987
1991 2029
1992 1993
1993 2031
1994 2032
1996 1997
1997 2036
2000 2001
2000 2038
2002 2003
2003 2004
2003 2039
2006 2007
2007 2008
2008 2009
2011 2012
2012 2013
2017 2018
2019 2020
2028 2029
2029 2030
2034 2035
2037 2038
