5050
0 1
1 2
1 3
2 4
3 4
3 6
4 5
4 7
5 8
6 7
6 10
7 8
7 11
8 9
8 12
9 13
10 11
10 15
11 12
11 16
12 13
12 17
13 14
13 18
14 19
15 16
15 21
16 17
16 22
17 18
17 23
18 19
18 24
19 20
19 25
20 26
21 22
21 28
22 23
22 29
23 24
23 30
24 25
24 31
25 26
25 32
26 27
26 33
27 34
28 29
28 36
29 30
29 37
30 31
30 38
31 32
31 39
32 33
32 40
33 34
33 41
34 35
34 42
35 43
36 37
36 45
37 38
37 46
38 39
38 47
39 40
39 48
40 41
40 49
41 42
41 50
42 43
42 51
43 44
43 52
44 53
45 46
45 55
46 47
46 56
47 48
47 57
48 49
48 58
49 50
49 59
50 51
50 60
51 52
51 61
52 53
52 62
53 54
53 63
54 64
55 56
55 66
56 57
56 67
57 58
57 68
58 59
58 69
59 60
59 70
60 61
60 71
61 62
61 72
62 63
62 73
63 64
63 74
64 65
64 75
65 76
66 67
66 78
67 68
67 79
68 69
68 80
69 70
69 81
70 71
70 82
71 72
71 83
72 73
72 84
73 74
73 85
74 75
74 86
75 76
75 87
76 77
76 88
77 89
78 79
78 91
79 80
79 92
80 81
80 93
81 82
81 94
82 83
82 95
83 84
83 96
84 85
84 97
85 86
85 98
86 87
86 99
87 88
87 100
88 89
88 101
89 90
89 102
90 103
91 92
91 105
92 93
92 106
93 94
93 107
94 95
94 108
95 96
95 109
96 97
96 110
97 98
97 111
98 99
98 112
99 100
99 113
100 101
100 114
101 102
101 115
102 103
102 116
103 104
103 117
104 118
105 106
105 120
106 107
106 121
107 108
107 122
108 109
108 123
109 110
109 124
110 111
110 125
111 112
111 126
112 113
112 127
113 114
113 128
114 115
114 129
115 116
115 130
116 117
116 131
117 118
117 132
118 119
118 133
119 134
120 121
120 136
121 122
121 137
122 123
122 138
123 124
123 139
124 125
124 140
125 126
125 141
126 127
126 142
127 128
127 143
128 129
128 144
129 130
129 145
130 131
130 146
131 132
131 147
132 133
132 148
133 134
133 149
134 135
134 150
135 151
136 137
136 153
137 138
137 154
138 139
138 155
139 140
139 156
140 141
140 157
141 142
141 158
142 143
142 159
143 144
143 160
144 145
144 161
145 146
145 162
146 147
146 163
147 148
147 164
148 149
148 165
149 150
149 166
150 151
150 167
151 152
151 168
152 169
153 154
153 171
154 155
154 172
155 156
155 173
156 157
156 174
157 158
157 175
158 159
158 176
159 160
159 177
160 161
160 178
161 162
161 179
162 163
162 180
163 164
163 181
164 165
164 182
165 166
165 183
166 167
166 184
167 168
167 185
168 169
168 186
169 170
169 187
170 188
171 172
171 190
172 173
172 191
173 174
173 192
174 175
174 193
175 176
175 194
176 177
176 195
177 178
177 196
178 179
178 197
179 180
179 198
180 181
180 199
181 182
181 200
182 183
182 201
183 184
183 202
184 185
184 203
185 186
185 204
186 187
186 205
187 188
187 206
188 189
188 207
189 208
190 191
190 210
191 192
191 211
192 193
192 212
193 194
193 213
194 195
194 214
195 196
195 215
196 197
196 216
197 198
197 217
198 199
198 218
199 200
199 219
200 201
200 220
201 202
201 221
202 203
202 222
203 204
203 223
204 205
204 224
205 206
205 225
206 207
206 226
207 208
207 227
208 209
208 228
209 229
210 211
210 231
211 212
211 232
212 213
212 233
213 214
213 234
214 215
214 235
215 216
215 236
216 217
216 237
217 218
217 238
218 219
218 239
219 220
219 240
220 221
220 241
221 222
221 242
222 223
222 243
223 224
223 244
224 225
224 245
225 226
225 246
226 227
226 247
227 228
227 248
228 229
228 249
229 230
229 250
230 251
231 232
231 253
232 233
232 254
233 234
233 255
234 235
234 256
235 236
235 257
236 237
236 258
237 238
237 259
238 239
238 260
239 240
239 261
240 241
240 262
241 242
241 263
242 243
242 264
243 244
243 265
244 245
244 266
245 246
245 267
246 247
246 268
247 248
247 269
248 249
248 270
249 250
249 271
250 251
250 272
251 252
251 273
252 274
253 254
253 276
254 255
254 277
255 256
255 278
256 257
256 279
257 258
257 280
258 259
258 281
259 260
259 282
260 261
260 283
261 262
261 284
262 263
262 285
263 264
263 286
264 265
264 287
265 266
265 288
266 267
266 289
267 268
267 290
268 269
268 291
269 270
269 292
270 271
270 293
271 272
271 294
272 273
272 295
273 274
273 296
274 275
274 297
275 298
276 277
276 300
277 278
277 301
278 279
278 302
279 280
279 303
280 281
280 304
281 282
281 305
282 283
282 306
283 284
283 307
284 285
284 308
285 286
285 309
286 287
286 310
287 288
287 311
288 289
288 312
289 290
289 313
290 291
290 314
291 292
291 315
292 293
292 316
293 294
293 317
294 295
294 318
295 296
295 319
296 297
296 320
297 298
297 321
298 299
298 322
299 323
300 301
300 325
301 302
301 326
302 303
302 327
303 304
303 328
304 305
304 329
305 306
305 330
306 307
306 331
307 308
307 332
308 309
308 333
309 310
309 334
310 311
310 335
311 312
311 336
312 313
312 337
313 314
313 338
314 315
314 339
315 316
315 340
316 317
316 341
317 318
317 342
318 319
318 343
319 320
319 344
320 321
320 345
321 322
321 346
322 323
322 347
323 324
323 348
324 349
325 326
325 351
326 327
326 352
327 328
327 353
328 329
328 354
329 330
329 355
330 331
330 356
331 332
331 357
332 333
332 358
333 334
333 359
334 335
334 360
335 336
335 361
336 337
336 362
337 338
337 363
338 339
338 364
339 340
339 365
340 341
340 366
341 342
341 367
342 343
342 368
343 344
343 369
344 345
344 370
345 346
345 371
346 347
346 372
347 348
347 373
348 349
348 374
349 350
349 375
350 376
351 352
351 378
352 353
352 379
353 354
353 380
354 355
354 381
355 356
355 382
356 357
356 383
357 358
357 384
358 359
358 385
359 360
359 386
360 361
360 387
361 362
361 388
362 363
362 389
363 364
363 390
364 365
364 391
365 366
365 392
366 367
366 393
367 368
367 394
368 369
368 395
369 370
369 396
370 371
370 397
371 372
371 398
372 373
372 399
373 374
373 400
374 375
374 401
375 376
375 402
376 377
376 403
377 404
378 379
378 406
379 380
379 407
380 381
380 408
381 382
381 409
382 383
382 410
383 384
383 411
384 385
384 412
385 386
385 413
386 387
386 414
387 388
387 415
388 389
388 416
389 390
389 417
390 391
390 418
391 392
391 419
392 393
392 420
393 394
393 421
394 395
394 422
395 396
395 423
396 397
396 424
397 398
397 425
398 399
398 426
399 400
399 427
400 401
400 428
401 402
401 429
402 403
402 430
403 404
403 431
404 405
404 432
405 433
406 407
406 435
407 408
407 436
408 409
408 437
409 410
409 438
410 411
410 439
411 412
411 440
412 413
412 441
413 414
413 442
414 415
414 443
415 416
415 444
416 417
416 445
417 418
417 446
418 419
418 447
419 420
419 448
420 421
420 449
421 422
421 450
422 423
422 451
423 424
423 452
424 425
424 453
425 426
425 454
426 427
426 455
427 428
427 456
428 429
428 457
429 430
429 458
430 431
430 459
431 432
431 460
432 433
432 461
433 434
433 462
434 463
435 436
435 465
436 437
436 466
437 438
437 467
438 439
438 468
439 440
439 469
440 441
440 470
441 442
441 471
442 443
442 472
443 444
443 473
444 445
444 474
445 446
445 475
446 447
446 476
447 448
447 477
448 449
448 478
449 450
449 479
450 451
450 480
451 452
451 481
452 453
452 482
453 454
453 483
454 455
454 484
455 456
455 485
456 457
456 486
457 458
457 487
458 459
458 488
459 460
459 489
460 461
460 490
461 462
461 491
462 463
462 492
463 464
463 493
464 494
465 466
465 496
466 467
466 497
467 468
467 498
468 469
468 499
469 470
469 500
470 471
470 501
471 472
471 502
472 473
472 503
473 474
473 504
474 475
474 505
475 476
475 506
476 477
476 507
477 478
477 508
478 479
478 509
479 480
479 510
480 481
480 511
481 482
481 512
482 483
482 513
483 484
483 514
484 485
484 515
485 486
485 516
486 487
486 517
487 488
487 518
488 489
488 519
489 490
489 520
490 491
490 521
491 492
491 522
492 493
492 523
493 494
493 524
494 495
494 525
495 526
496 497
496 528
497 498
497 529
498 499
498 530
499 500
499 531
500 501
500 532
501 502
501 533
502 503
502 534
503 504
503 535
504 505
504 536
505 506
505 537
506 507
506 538
507 508
507 539
508 509
508 540
509 510
509 541
510 511
510 542
511 512
511 543
512 513
512 544
513 514
513 545
514 515
514 546
515 516
515 547
516 517
516 548
517 518
517 549
518 519
518 550
519 520
519 551
520 521
520 552
521 522
521 553
522 523
522 554
523 524
523 555
524 525
524 556
525 526
525 557
526 527
526 558
527 559
528 529
528 561
529 530
529 562
530 531
530 563
531 532
531 564
532 533
532 565
533 534
533 566
534 535
534 567
535 536
535 568
536 537
536 569
537 538
537 570
538 539
538 571
539 540
539 572
540 541
540 573
541 542
541 574
542 543
542 575
543 544
543 576
544 545
544 577
545 546
545 578
546 547
546 579
547 548
547 580
548 549
548 581
549 550
549 582
550 551
550 583
551 552
551 584
552 553
552 585
553 554
553 586
554 555
554 587
555 556
555 588
556 557
556 589
557 558
557 590
558 559
558 591
559 560
559 592
560 593
561 562
561 595
562 563
562 596
563 564
563 597
564 565
564 598
565 566
565 599
566 567
566 600
567 568
567 601
568 569
568 602
569 570
569 603
570 571
570 604
571 572
571 605
572 573
572 606
573 574
573 607
574 575
574 608
575 576
575 609
576 577
576 610
577 578
577 611
578 579
578 612
579 580
579 613
580 581
580 614
581 582
581 615
582 583
582 616
583 584
583 617
584 585
584 618
585 586
585 619
586 587
586 620
587 588
587 621
588 589
588 622
589 590
589 623
590 591
590 624
591 592
591 625
592 593
592 626
593 594
593 627
594 628
595 596
595 630
596 597
596 631
597 598
597 632
598 599
598 633
599 600
599 634
600 601
600 635
601 602
601 636
602 603
602 637
603 604
603 638
604 605
604 639
605 606
605 640
606 607
606 641
607 608
607 642
608 609
608 643
609 610
609 644
610 611
610 645
611 612
611 646
612 613
612 647
613 614
613 648
614 615
614 649
615 616
615 650
616 617
616 651
617 618
617 652
618 619
618 653
619 620
619 654
620 621
620 655
621 622
621 656
622 623
622 657
623 624
623 658
624 625
624 659
625 626
625 660
626 627
626 661
627 628
627 662
628 629
628 663
629 664
630 631
630 666
631 632
631 667
632 633
632 668
633 634
633 669
634 635
634 670
635 636
635 671
636 637
636 672
637 638
637 673
638 639
638 674
639 640
639 675
640 641
640 676
641 642
641 677
642 643
642 678
643 644
643 679
644 645
644 680
645 646
645 681
646 647
646 682
647 648
647 683
648 649
648 684
649 650
649 685
650 651
650 686
651 652
651 687
652 653
652 688
653 654
653 689
654 655
654 690
655 656
655 691
656 657
656 692
657 658
657 693
658 659
658 694
659 660
659 695
660 661
660 696
661 662
661 697
662 663
662 698
663 664
663 699
664 665
664 700
665 701
666 667
666 703
667 668
667 704
668 669
668 705
669 670
669 706
670 671
670 707
671 672
671 708
672 673
672 709
673 674
673 710
674 675
674 711
675 676
675 712
676 677
676 713
677 678
677 714
678 679
678 715
679 680
679 716
680 681
680 717
681 682
681 718
682 683
682 719
683 684
683 720
684 685
684 721
685 686
685 722
686 687
686 723
687 688
687 724
688 689
688 725
689 690
689 726
690 691
690 727
691 692
691 728
692 693
692 729
693 694
693 730
694 695
694 731
695 696
695 732
696 697
696 733
697 698
697 734
698 699
698 735
699 700
699 736
700 701
700 737
701 702
701 738
702 739
703 704
703 741
704 705
704 742
705 706
705 743
706 707
706 744
707 708
707 745
708 709
708 746
709 710
709 747
710 711
710 748
711 712
711 749
712 713
712 750
713 714
713 751
714 715
714 752
715 716
715 753
716 717
716 754
717 718
717 755
718 719
718 756
719 720
719 757
720 721
720 758
721 722
721 759
722 723
722 760
723 724
723 761
724 725
724 762
725 726
725 763
726 727
726 764
727 728
727 765
728 729
728 766
729 730
729 767
730 731
730 768
731 732
731 769
732 733
732 770
733 734
733 771
734 735
734 772
735 736
735 773
736 737
736 774
737 738
737 775
738 739
738 776
739 740
739 777
740 778
741 742
741 780
742 743
742 781
743 744
743 782
744 745
744 783
745 746
745 784
746 747
746 785
747 748
747 786
748 749
748 787
749 750
749 788
750 751
750 789
751 752
751 790
752 753
752 791
753 754
753 792
754 755
754 793
755 756
755 794
756 757
756 795
757 758
757 796
758 759
758 797
759 760
759 798
760 761
760 799
761 762
761 800
762 763
762 801
763 764
763 802
764 765
764 803
765 766
765 804
766 767
766 805
767 768
767 806
768 769
768 807
769 770
769 808
770 771
770 809
771 772
771 810
772 773
772 811
773 774
773 812
774 775
774 813
775 776
775 814
776 777
776 815
777 778
777 816
778 779
778 817
779 818
780 781
780 820
781 782
781 821
782 783
782 822
783 784
783 823
784 785
784 824
785 786
785 825
786 787
786 826
787 788
787 827
788 789
788 828
789 790
789 829
790 791
790 830
791 792
791 831
792 793
792 832
793 794
793 833
794 795
794 834
795 796
795 835
796 797
796 836
797 798
797 837
798 799
798 838
799 800
799 839
800 801
800 840
801 802
801 841
802 803
802 842
803 804
803 843
804 805
804 844
805 806
805 845
806 807
806 846
807 808
807 847
808 809
808 848
809 810
809 849
810 811
810 850
811 812
811 851
812 813
812 852
813 814
813 853
814 815
814 854
815 816
815 855
816 817
816 856
817 818
817 857
818 819
818 858
819 859
820 821
820 861
821 822
821 862
822 823
822 863
823 824
823 864
824 825
824 865
825 826
825 866
826 827
826 867
827 828
827 868
828 829
828 869
829 830
829 870
830 831
830 871
831 832
831 872
832 833
832 873
833 834
833 874
834 835
834 875
835 836
835 876
836 837
836 877
837 838
837 878
838 839
838 879
839 840
839 880
840 841
840 881
841 842
841 882
842 843
842 883
843 844
843 884
844 845
844 885
845 846
845 886
846 847
846 887
847 848
847 888
848 849
848 889
849 850
849 890
850 851
850 891
851 852
851 892
852 853
852 893
853 854
853 894
854 855
854 895
855 856
855 896
856 857
856 897
857 858
857 898
858 859
858 899
859 860
859 900
860 901
861 862
861 903
862 863
862 904
863 864
863 905
864 865
864 906
865 866
865 907
866 867
866 908
867 868
867 909
868 869
868 910
869 870
869 911
870 871
870 912
871 872
871 913
872 873
872 914
873 874
873 915
874 875
874 916
875 876
875 917
876 877
876 918
877 878
877 919
878 879
878 920
879 880
879 921
880 881
880 922
881 882
881 923
882 883
882 924
883 884
883 925
884 885
884 926
885 886
885 927
886 887
886 928
887 888
887 929
888 889
888 930
889 890
889 931
890 891
890 932
891 892
891 933
892 893
892 934
893 894
893 935
894 895
894 936
895 896
895 937
896 897
896 938
897 898
897 939
898 899
898 940
899 900
899 941
900 901
900 942
901 902
901 943
902 944
903 904
903 946
904 905
904 947
905 906
905 948
906 907
906 949
907 908
907 950
908 909
908 951
909 910
909 952
910 911
910 953
911 912
911 954
912 913
912 955
913 914
913 956
914 915
914 957
915 916
915 958
916 917
916 959
917 918
917 960
918 919
918 961
919 920
919 962
920 921
920 963
921 922
921 964
922 923
922 965
923 924
923 966
924 925
924 967
925 926
925 968
926 927
926 969
927 928
927 970
928 929
928 971
929 930
929 972
930 931
930 973
931 932
931 974
932 933
932 975
933 934
933 976
934 935
934 977
935 936
935 978
936 937
936 979
937 938
937 980
938 939
938 981
939 940
939 982
940 941
940 983
941 942
941 984
942 943
942 985
943 944
943 986
944 945
944 987
945 988
946 947
946 990
947 948
947 991
948 949
948 992
949 950
949 993
950 951
950 994
951 952
951 995
952 953
952 996
953 954
953 997
954 955
954 998
955 956
955 999
956 957
956 1000
957 958
957 1001
958 959
958 1002
959 960
959 1003
960 961
960 1004
961 962
961 1005
962 963
962 1006
963 964
963 1007
964 965
964 1008
965 966
965 1009
966 967
966 1010
967 968
967 1011
968 969
968 1012
969 970
969 1013
970 971
970 1014
971 972
971 1015
972 973
972 1016
973 974
973 1017
974 975
974 1018
975 976
975 1019
976 977
976 1020
977 978
977 1021
978 979
978 1022
979 980
979 1023
980 981
980 1024
981 982
981 1025
982 983
982 1026
983 984
983 1027
984 985
984 1028
985 986
985 1029
986 987
986 1030
987 988
987 1031
988 989
988 1032
989 1033
990 991
990 1035
991 992
991 1036
992 993
992 1037
993 994
993 1038
994 995
994 1039
995 996
995 1040
996 997
996 1041
997 998
997 1042
998 999
998 1043
999 1000
999 1044
1000 1001
1000 1045
1001 1002
1001 1046
1002 1003
1002 1047
1003 1004
1003 1048
1004 1005
1004 1049
1005 1006
1005 1050
1006 1007
1006 1051
1007 1008
1007 1052
1008 1009
1008 1053
1009 1010
1009 1054
1010 1011
1010 1055
1011 1012
1011 1056
1012 1013
1012 1057
1013 1014
1013 1058
1014 1015
1014 1059
1015 1016
1015 1060
1016 1017
1016 1061
1017 1018
1017 1062
1018 1019
1018 1063
1019 1020
1019 1064
1020 1021
1020 1065
1021 1022
1021 1066
1022 1023
1022 1067
1023 1024
1023 1068
1024 1025
1024 1069
1025 1026
1025 1070
1026 1027
1026 1071
1027 1028
1027 1072
1028 1029
1028 1073
1029 1030
1029 1074
1030 1031
1030 1075
1031 1032
1031 1076
1032 1033
1032 1077
1033 1034
1033 1078
1034 1079
1035 1036
1035 1081
1036 1037
1036 1082
1037 1038
1037 1083
1038 1039
1038 1084
1039 1040
1039 1085
1040 1041
1040 1086
1041 1042
1041 1087
1042 1043
1042 1088
1043 1044
1043 1089
1044 1045
1044 1090
1045 1046
1045 1091
1046 1047
1046 1092
1047 1048
1047 1093
1048 1049
1048 1094
1049 1050
1049 1095
1050 1051
1050 1096
1051 1052
1051 1097
1052 1053
1052 1098
1053 1054
1053 1099
1054 1055
1054 1100
1055 1056
1055 1101
1056 1057
1056 1102
1057 1058
1057 1103
1058 1059
1058 1104
1059 1060
1059 1105
1060 1061
1060 1106
1061 1062
1061 1107
1062 1063
1062 1108
1063 1064
1063 1109
1064 1065
1064 1110
1065 1066
1065 1111
1066 1067
1066 1112
1067 1068
1067 1113
1068 1069
1068 1114
1069 1070
1069 1115
1070 1071
1070 1116
1071 1072
1071 1117
1072 1073
1072 1118
1073 1074
1073 1119
1074 1075
1074 1120
1075 1076
1075 1121
1076 1077
1076 1122
1077 1078
1077 1123
1078 1079
1078 1124
1079 1080
1079 1125
1080 1126
1081 1082
1081 1128
1082 1083
1082 1129
1083 1084
1083 1130
1084 1085
1084 1131
1085 1086
1085 1132
1086 1087
1086 1133
1087 1088
1087 1134
1088 1089
1088 1135
1089 1090
1089 1136
1090 1091
1090 1137
1091 1092
1091 1138
1092 1093
1092 1139
1093 1094
1093 1140
1094 1095
1094 1141
1095 1096
1095 1142
1096 1097
1096 1143
1097 1098
1097 1144
1098 1099
1098 1145
1099 1100
1099 1146
1100 1101
1100 1147
1101 1102
1101 1148
1102 1103
1102 1149
1103 1104
1103 1150
1104 1105
1104 1151
1105 1106
1105 1152
1106 1107
1106 1153
1107 1108
1107 1154
1108 1109
1108 1155
1109 1110
1109 1156
1110 1111
1110 1157
1111 1112
1111 1158
1112 1113
1112 1159
1113 1114
1113 1160
1114 1115
1114 1161
1115 1116
1115 1162
1116 1117
1116 1163
1117 1118
1117 1164
1118 1119
1118 1165
1119 1120
1119 1166
1120 1121
1120 1167
1121 1122
1121 1168
1122 1123
1122 1169
1123 1124
1123 1170
1124 1125
1124 1171
1125 1126
1125 1172
1126 1127
1126 1173
1127 1174
1128 1129
1128 1176
1129 1130
1129 1177
1130 1131
1130 1178
1131 1132
1131 1179
1132 1133
1132 1180
1133 1134
1133 1181
1134 1135
1134 1182
1135 1136
1135 1183
1136 1137
1136 1184
1137 1138
1137 1185
1138 1139
1138 1186
1139 1140
1139 1187
1140 1141
1140 1188
1141 1142
1141 1189
1142 1143
1142 1190
1143 1144
1143 1191
1144 1145
1144 1192
1145 1146
1145 1193
1146 1147
1146 1194
1147 1148
1147 1195
1148 1149
1148 1196
1149 1150
1149 1197
1150 1151
1150 1198
1151 1152
1151 1199
1152 1153
1152 1200
1153 1154
1153 1201
1154 1155
1154 1202
1155 1156
1155 1203
1156 1157
1156 1204
1157 1158
1157 1205
1158 1159
1158 1206
1159 1160
1159 1207
1160 1161
1160 1208
1161 1162
1161 1209
1162 1163
1162 1210
1163 1164
1163 1211
1164 1165
1164 1212
1165 1166
1165 1213
1166 1167
1166 1214
1167 1168
1167 1215
1168 1169
1168 1216
1169 1170
1169 1217
1170 1171
1170 1218
1171 1172
1171 1219
1172 1173
1172 1220
1173 1174
1173 1221
1174 1175
1174 1222
1175 1223
1176 1177
1176 1225
1177 1178
1177 1226
1178 1179
1178 1227
1179 1180
1179 1228
1180 1181
1180 1229
1181 1182
1181 1230
1182 1183
1182 1231
1183 1184
1183 1232
1184 1185
1184 1233
1185 1186
1185 1234
1186 1187
1186 1235
1187 1188
1187 1236
1188 1189
1188 1237
1189 1190
1189 1238
1190 1191
1190 1239
1191 1192
1191 1240
1192 1193
1192 1241
1193 1194
1193 1242
1194 1195
1194 1243
1195 1196
1195 1244
1196 1197
1196 1245
1197 1198
1197 1246
1198 1199
1198 1247
1199 1200
1199 1248
1200 1201
1200 1249
1201 1202
1201 1250
1202 1203
1202 1251
1203 1204
1203 1252
1204 1205
1204 1253
1205 1206
1205 1254
1206 1207
1206 1255
1207 1208
1207 1256
1208 1209
1208 1257
1209 1210
1209 1258
1210 1211
1210 1259
1211 1212
1211 1260
1212 1213
1212 1261
1213 1214
1213 1262
1214 1215
1214 1263
1215 1216
1215 1264
1216 1217
1216 1265
1217 1218
1217 1266
1218 1219
1218 1267
1219 1220
1219 1268
1220 1221
1220 1269
1221 1222
1221 1270
1222 1223
1222 1271
1223 1224
1223 1272
1224 1273
1225 1226
1225 1275
1226 1227
1226 1276
1227 1228
1227 1277
1228 1229
1228 1278
1229 1230
1229 1279
1230 1231
1230 1280
1231 1232
1231 1281
1232 1233
1232 1282
1233 1234
1233 1283
1234 1235
1234 1284
1235 1236
1235 1285
1236 1237
1236 1286
1237 1238
1237 1287
1238 1239
1238 1288
1239 1240
1239 1289
1240 1241
1240 1290
1241 1242
1241 1291
1242 1243
1242 1292
1243 1244
1243 1293
1244 1245
1244 1294
1245 1246
1245 1295
1246 1247
1246 1296
1247 1248
1247 1297
1248 1249
1248 1298
1249 1250
1249 1299
1250 1251
1250 1300
1251 1252
1251 1301
1252 1253
1252 1302
1253 1254
1253 1303
1254 1255
1254 1304
1255 1256
1255 1305
1256 1257
1256 1306
1257 1258
1257 1307
1258 1259
1258 1308
1259 1260
1259 1309
1260 1261
1260 1310
1261 1262
1261 1311
1262 1263
1262 1312
1263 1264
1263 1313
1264 1265
1264 1314
1265 1266
1265 1315
1266 1267
1266 1316
1267 1268
1267 1317
1268 1269
1268 1318
1269 1270
1269 1319
1270 1271
1270 1320
1271 1272
1271 1321
1272 1273
1272 1322
1273 1274
1273 1323
1274 1324
1275 1276
1275 1326
1276 1277
1276 1327
1277 1278
1277 1328
1278 1279
1278 1329
1279 1280
1279 1330
1280 1281
1280 1331
1281 1282
1281 1332
1282 1283
1282 1333
1283 1284
1283 1334
1284 1285
1284 1335
1285 1286
1285 1336
1286 1287
1286 1337
1287 1288
1287 1338
1288 1289
1288 1339
1289 1290
1289 1340
1290 1291
1290 1341
1291 1292
1291 1342
1292 1293
1292 1343
1293 1294
1293 1344
1294 1295
1294 1345
1295 1296
1295 1346
1296 1297
1296 1347
1297 1298
1297 1348
1298 1299
1298 1349
1299 1300
1299 1350
1300 1301
1300 1351
1301 1302
1301 1352
1302 1303
1302 1353
1303 1304
1303 1354
1304 1305
1304 1355
1305 1306
1305 1356
1306 1307
1306 1357
1307 1308
1307 1358
1308 1309
1308 1359
1309 1310
1309 1360
1310 1311
1310 1361
1311 1312
1311 1362
1312 1313
1312 1363
1313 1314
1313 1364
1314 1315
1314 1365
1315 1316
1315 1366
1316 1317
1316 1367
1317 1318
1317 1368
1318 1319
1318 1369
1319 1320
1319 1370
1320 1321
1320 1371
1321 1322
1321 1372
1322 1323
1322 1373
1323 1324
1323 1374
1324 1325
1324 1375
1325 1376
1326 1327
1326 1378
1327 1328
1327 1379
1328 1329
1328 1380
1329 1330
1329 1381
1330 1331
1330 1382
1331 1332
1331 1383
1332 1333
1332 1384
1333 1334
1333 1385
1334 1335
1334 1386
1335 1336
1335 1387
1336 1337
1336 1388
1337 1338
1337 1389
1338 1339
1338 1390
1339 1340
1339 1391
1340 1341
1340 1392
1341 1342
1341 1393
1342 1343
1342 1394
1343 1344
1343 1395
1344 1345
1344 1396
1345 1346
1345 1397
1346 1347
1346 1398
1347 1348
1347 1399
1348 1349
1348 1400
1349 1350
1349 1401
1350 1351
1350 1402
1351 1352
1351 1403
1352 1353
1352 1404
1353 1354
1353 1405
1354 1355
1354 1406
1355 1356
1355 1407
1356 1357
1356 1408
1357 1358
1357 1409
1358 1359
1358 1410
1359 1360
1359 1411
1360 1361
1360 1412
1361 1362
1361 1413
1362 1363
1362 1414
1363 1364
1363 1415
1364 1365
1364 1416
1365 1366
1365 1417
1366 1367
1366 1418
1367 1368
1367 1419
1368 1369
1368 1420
1369 1370
1369 1421
1370 1371
1370 1422
1371 1372
1371 1423
1372 1373
1372 1424
1373 1374
1373 1425
1374 1375
1374 1426
1375 1376
1375 1427
1376 1377
1376 1428
1377 1429
1378 1379
1378 1431
1379 1380
1379 1432
1380 1381
1380 1433
1381 1382
1381 1434
1382 1383
1382 1435
1383 1384
1383 1436
1384 1385
1384 1437
1385 1386
1385 1438
1386 1387
1386 1439
1387 1388
1387 1440
1388 1389
1388 1441
1389 1390
1389 1442
1390 1391
1390 1443
1391 1392
1391 1444
1392 1393
1392 1445
1393 1394
1393 1446
1394 1395
1394 1447
1395 1396
1395 1448
1396 1397
1396 1449
1397 1398
1397 1450
1398 1399
1398 1451
1399 1400
1399 1452
1400 1401
1400 1453
1401 1402
1401 1454
1402 1403
1402 1455
1403 1404
1403 1456
1404 1405
1404 1457
1405 1406
1405 1458
1406 1407
1406 1459
1407 1408
1407 1460
1408 1409
1408 1461
1409 1410
1409 1462
1410 1411
1410 1463
1411 1412
1411 1464
1412 1413
1412 1465
1413 1414
1413 1466
1414 1415
1414 1467
1415 1416
1415 1468
1416 1417
1416 1469
1417 1418
1417 1470
1418 1419
1418 1471
1419 1420
1419 1472
1420 1421
1420 1473
1421 1422
1421 1474
1422 1423
1422 1475
1423 1424
1423 1476
1424 1425
1424 1477
1425 1426
1425 1478
1426 1427
1426 1479
1427 1428
1427 1480
1428 1429
1428 1481
1429 1430
1429 1482
1430 1483
1431 1432
1431 1485
1432 1433
1432 1486
1433 1434
1433 1487
1434 1435
1434 1488
1435 1436
1435 1489
1436 1437
1436 1490
1437 1438
1437 1491
1438 1439
1438 1492
1439 1440
1439 1493
1440 1441
1440 1494
1441 1442
1441 1495
1442 1443
1442 1496
1443 1444
1443 1497
1444 1445
1444 1498
1445 1446
1445 1499
1446 1447
1446 1500
1447 1448
1447 1501
1448 1449
1448 1502
1449 1450
1449 1503
1450 1451
1450 1504
1451 1452
1451 1505
1452 1453
1452 1506
1453 1454
1453 1507
1454 1455
1454 1508
1455 1456
1455 1509
1456 1457
1456 1510
1457 1458
1457 1511
1458 1459
1458 1512
1459 1460
1459 1513
1460 1461
1460 1514
1461 1462
1461 1515
1462 1463
1462 1516
1463 1464
1463 1517
1464 1465
1464 1518
1465 1466
1465 1519
1466 1467
1466 1520
1467 1468
1467 1521
1468 1469
1468 1522
1469 1470
1469 1523
1470 1471
1470 1524
1471 1472
1471 1525
1472 1473
1472 1526
1473 1474
1473 1527
1474 1475
1474 1528
1475 1476
1475 1529
1476 1477
1476 1530
1477 1478
1477 1531
1478 1479
1478 1532
1479 1480
1479 1533
1480 1481
1480 1534
1481 1482
1481 1535
1482 1483
1482 1536
1483 1484
1483 1537
1484 1538
1485 1486
1485 1540
1486 1487
1486 1541
1487 1488
1487 1542
1488 1489
1488 1543
1489 1490
1489 1544
1490 1491
1490 1545
1491 1492
1491 1546
1492 1493
1492 1547
1493 1494
1493 1548
1494 1495
1494 1549
1495 1496
1495 1550
1496 1497
1496 1551
1497 1498
1497 1552
1498 1499
1498 1553
1499 1500
1499 1554
1500 1501
1500 1555
1501 1502
1501 1556
1502 1503
1502 1557
1503 1504
1503 1558
1504 1505
1504 1559
1505 1506
1505 1560
1506 1507
1506 1561
1507 1508
1507 1562
1508 1509
1508 1563
1509 1510
1509 1564
1510 1511
1510 1565
1511 1512
1511 1566
1512 1513
1512 1567
1513 1514
1513 1568
1514 1515
1514 1569
1515 1516
1515 1570
1516 1517
1516 1571
1517 1518
1517 1572
1518 1519
1518 1573
1519 1520
1519 1574
1520 1521
1520 1575
1521 1522
1521 1576
1522 1523
1522 1577
1523 1524
1523 1578
1524 1525
1524 1579
1525 1526
1525 1580
1526 1527
1526 1581
1527 1528
1527 1582
1528 1529
1528 1583
1529 1530
1529 1584
1530 1531
1530 1585
1531 1532
1531 1586
1532 1533
1532 1587
1533 1534
1533 1588
1534 1535
1534 1589
1535 1536
1535 1590
1536 1537
1536 1591
1537 1538
1537 1592
1538 1539
1538 1593
1539 1594
1540 1541
1540 1596
1541 1542
1541 1597
1542 1543
1542 1598
1543 1544
1543 1599
1544 1545
1544 1600
1545 1546
1545 1601
1546 1547
1546 1602
1547 1548
1547 1603
1548 1549
1548 1604
1549 1550
1549 1605
1550 1551
1550 1606
1551 1552
1551 1607
1552 1553
1552 1608
1553 1554
1553 1609
1554 1555
1554 1610
1555 1556
1555 1611
1556 1557
1556 1612
1557 1558
1557 1613
1558 1559
1558 1614
1559 1560
1559 1615
1560 1561
1560 1616
1561 1562
1561 1617
1562 1563
1562 1618
1563 1564
1563 1619
1564 1565
1564 1620
1565 1566
1565 1621
1566 1567
1566 1622
1567 1568
1567 1623
1568 1569
1568 1624
1569 1570
1569 1625
1570 1571
1570 1626
1571 1572
1571 1627
1572 1573
1572 1628
1573 1574
1573 1629
1574 1575
1574 1630
1575 1576
1575 1631
1576 1577
1576 1632
1577 1578
1577 1633
1578 1579
1578 1634
1579 1580
1579 1635
1580 1581
1580 1636
1581 1582
1581 1637
1582 1583
1582 1638
1583 1584
1583 1639
1584 1585
1584 1640
1585 1586
1585 1641
1586 1587
1586 1642
1587 1588
1587 1643
1588 1589
1588 1644
1589 1590
1589 1645
1590 1591
1590 1646
1591 1592
1591 1647
1592 1593
1592 1648
1593 1594
1593 1649
1594 1595
1594 1650
1595 1651
1596 1597
1596 1653
1597 1598
1597 1654
1598 1599
1598 1655
1599 1600
1599 1656
1600 1601
1600 1657
1601 1602
1601 1658
1602 1603
1602 1659
1603 1604
1603 1660
1604 1605
1604 1661
1605 1606
1605 1662
1606 1607
1606 1663
1607 1608
1607 1664
1608 1609
1608 1665
1609 1610
1609 1666
1610 1611
1610 1667
1611 1612
1611 1668
1612 1613
1612 1669
1613 1614
1613 1670
1614 1615
1614 1671
1615 1616
1615 1672
1616 1617
1616 1673
1617 1618
1617 1674
1618 1619
1618 1675
1619 1620
1619 1676
1620 1621
1620 1677
1621 1622
1621 1678
1622 1623
1622 1679
1623 1624
1623 1680
1624 1625
1624 1681
1625 1626
1625 1682
1626 1627
1626 1683
1627 1628
1627 1684
1628 1629
1628 1685
1629 1630
1629 1686
1630 1631
1630 1687
1631 1632
1631 1688
1632 1633
1632 1689
1633 1634
1633 1690
1634 1635
1634 1691
1635 1636
1635 1692
1636 1637
1636 1693
1637 1638
1637 1694
1638 1639
1638 1695
1639 1640
1639 1696
1640 1641
1640 1697
1641 1642
1641 1698
1642 1643
1642 1699
1643 1644
1643 1700
1644 1645
1644 1701
1645 1646
1645 1702
1646 1647
1646 1703
1647 1648
1647 1704
1648 1649
1648 1705
1649 1650
1649 1706
1650 1651
1650 1707
1651 1652
1651 1708
1652 1709
1653 1654
1653 1711
1654 1655
1654 1712
1655 1656
1655 1713
1656 1657
1656 1714
1657 1658
1657 1715
1658 1659
1658 1716
1659 1660
1659 1717
1660 1661
1660 1718
1661 1662
1661 1719
1662 1663
1662 1720
1663 1664
1663 1721
1664 1665
1664 1722
1665 1666
1665 1723
1666 1667
1666 1724
1667 1668
1667 1725
1668 1669
1668 1726
1669 1670
1669 1727
1670 1671
1670 1728
1671 1672
1671 1729
1672 1673
1672 1730
1673 1674
1673 1731
1674 1675
1674 1732
1675 1676
1675 1733
1676 1677
1676 1734
1677 1678
1677 1735
1678 1679
1678 1736
1679 1680
1679 1737
1680 1681
1680 1738
1681 1682
1681 1739
1682 1683
1682 1740
1683 1684
1683 1741
1684 1685
1684 1742
1685 1686
1685 1743
1686 1687
1686 1744
1687 1688
1687 1745
1688 1689
1688 1746
1689 1690
1689 1747
1690 1691
1690 1748
1691 1692
1691 1749
1692 1693
1692 1750
1693 1694
1693 1751
1694 1695
1694 1752
1695 1696
1695 1753
1696 1697
1696 1754
1697 1698
1697 1755
1698 1699
1698 1756
1699 1700
1699 1757
1700 1701
1700 1758
1701 1702
1701 1759
1702 1703
1702 1760
1703 1704
1703 1761
1704 1705
1704 1762
1705 1706
1705 1763
1706 1707
1706 1764
1707 1708
1707 1765
1708 1709
1708 1766
1709 1710
1709 1767
1710 1768
1711 1712
1711 1770
1712 1713
1712 1771
1713 1714
1713 1772
1714 1715
1714 1773
1715 1716
1715 1774
1716 1717
1716 1775
1717 1718
1717 1776
1718 1719
1718 1777
1719 1720
1719 1778
1720 1721
1720 1779
1721 1722
1721 1780
1722 1723
1722 1781
1723 1724
1723 1782
1724 1725
1724 1783
1725 1726
1725 1784
1726 1727
1726 1785
1727 1728
1727 1786
1728 1729
1728 1787
1729 1730
1729 1788
1730 1731
1730 1789
1731 1732
1731 1790
1732 1733
1732 1791
1733 1734
1733 1792
1734 1735
1734 1793
1735 1736
1735 1794
1736 1737
1736 1795
1737 1738
1737 1796
1738 1739
1738 1797
1739 1740
1739 1798
1740 1741
1740 1799
1741 1742
1741 1800
1742 1743
1742 1801
1743 1744
1743 1802
1744 1745
1744 1803
1745 1746
1745 1804
1746 1747
1746 1805
1747 1748
1747 1806
1748 1749
1748 1807
1749 1750
1749 1808
1750 1751
1750 1809
1751 1752
1751 1810
1752 1753
1752 1811
1753 1754
1753 1812
1754 1755
1754 1813
1755 1756
1755 1814
1756 1757
1756 1815
1757 1758
1757 1816
1758 1759
1758 1817
1759 1760
1759 1818
1760 1761
1760 1819
1761 1762
1761 1820
1762 1763
1762 1821
1763 1764
1763 1822
1764 1765
1764 1823
1765 1766
1765 1824
1766 1767
1766 1825
1767 1768
1767 1826
1768 1769
1768 1827
1769 1828
1770 1771
1770 1830
1771 1772
1771 1831
1772 1773
1772 1832
1773 1774
1773 1833
1774 1775
1774 1834
1775 1776
1775 1835
1776 1777
1776 1836
1777 1778
1777 1837
1778 1779
1778 1838
1779 1780
1779 1839
1780 1781
1780 1840
1781 1782
1781 1841
1782 1783
1782 1842
1783 1784
1783 1843
1784 1785
1784 1844
1785 1786
1785 1845
1786 1787
1786 1846
1787 1788
1787 1847
1788 1789
1788 1848
1789 1790
1789 1849
1790 1791
1790 1850
1791 1792
1791 1851
1792 1793
1792 1852
1793 1794
1793 1853
1794 1795
1794 1854
1795 1796
1795 1855
1796 1797
1796 1856
1797 1798
1797 1857
1798 1799
1798 1858
1799 1800
1799 1859
1800 1801
1800 1860
1801 1802
1801 1861
1802 1803
1802 1862
1803 1804
1803 1863
1804 1805
1804 1864
1805 1806
1805 1865
1806 1807
1806 1866
1807 1808
1807 1867
1808 1809
1808 1868
1809 1810
1809 1869
1810 1811
1810 1870
1811 1812
1811 1871
1812 1813
1812 1872
1813 1814
1813 1873
1814 1815
1814 1874
1815 1816
1815 1875
1816 1817
1816 1876
1817 1818
1817 1877
1818 1819
1818 1878
1819 1820
1819 1879
1820 1821
1820 1880
1821 1822
1821 1881
1822 1823
1822 1882
1823 1824
1823 1883
1824 1825
1824 1884
1825 1826
1825 1885
1826 1827
1826 1886
1827 1828
1827 1887
1828 1829
1828 1888
1829 1889
1830 1831
1830 1891
1831 1832
1831 1892
1832 1833
1832 1893
1833 1834
1833 1894
1834 1835
1834 1895
1835 1836
1835 1896
1836 1837
1836 1897
1837 1838
1837 1898
1838 1839
1838 1899
1839 1840
1839 1900
1840 1841
1840 1901
1841 1842
1841 1902
1842 1843
1842 1903
1843 1844
1843 1904
1844 1845
1844 1905
1845 1846
1845 1906
1846 1847
1846 1907
1847 1848
1847 1908
1848 1849
1848 1909
1849 1850
1849 1910
1850 1851
1850 1911
1851 1852
1851 1912
1852 1853
1852 1913
1853 1854
1853 1914
1854 1855
1854 1915
1855 1856
1855 1916
1856 1857
1856 1917
1857 1858
1857 1918
1858 1859
1858 1919
1859 1860
1859 1920
1860 1861
1860 1921
1861 1862
1861 1922
1862 1863
1862 1923
1863 1864
1863 1924
1864 1865
1864 1925
1865 1866
1865 1926
1866 1867
1866 1927
1867 1868
1867 1928
1868 1869
1868 1929
1869 1870
1869 1930
1870 1871
1870 1931
1871 1872
1871 1932
1872 1873
1872 1933
1873 1874
1873 1934
1874 1875
1874 1935
1875 1876
1875 1936
1876 1877
1876 1937
1877 1878
1877 1938
1878 1879
1878 1939
1879 1880
1879 1940
1880 1881
1880 1941
1881 1882
1881 1942
1882 1883
1882 1943
1883 1884
1883 1944
1884 1885
1884 1945
1885 1886
1885 1946
1886 1887
1886 1947
1887 1888
1887 1948
1888 1889
1888 1949
1889 1890
1889 1950
1890 1951
1891 1892
1891 1953
1892 1893
1892 1954
1893 1894
1893 1955
1894 1895
1894 1956
1895 1896
1895 1957
1896 1897
1896 1958
1897 1898
1897 1959
1898 1899
1898 1960
1899 1900
1899 1961
1900 1901
1900 1962
1901 1902
1901 1963
1902 1903
1902 1964
1903 1904
1903 1965
1904 1905
1904 1966
1905 1906
1905 1967
1906 1907
1906 1968
1907 1908
1907 1969
1908 1909
1908 1970
1909 1910
1909 1971
1910 1911
1910 1972
1911 1912
1911 1973
1912 1913
1912 1974
1913 1914
1913 1975
1914 1915
1914 1976
1915 1916
1915 1977
1916 1917
1916 1978
1917 1918
1917 1979
1918 1919
1918 1980
1919 1920
1919 1981
1920 1921
1920 1982
1921 1922
1921 1983
1922 1923
1922 1984
1923 1924
1923 1985
1924 1925
1924 1986
1925 1926
1925 1987
1926 1927
1926 1988
1927 1928
1927 1989
1928 1929
1928 1990
1929 1930
1929 1991
1930 1931
1930 1992
1931 1932
1931 1993
1932 1933
1932 1994
1933 1934
1933 1995
1934 1935
1934 1996
1935 1936
1935 1997
1936 1937
1936 1998
1937 1938
1937 1999
1938 1939
1938 2000
1939 1940
1939 2001
1940 1941
1940 2002
1941 1942
1941 2003
1942 1943
1942 2004
1943 1944
1943 2005
1944 1945
1944 2006
1945 1946
1945 2007
1946 1947
1946 2008
1947 1948
1947 2009
1948 1949
1948 2010
1949 1950
1949 2011
1950 1951
1950 2012
1951 1952
1951 2013
1952 2014
1953 1954
1953 2016
1954 1955
1954 2017
1955 1956
1955 2018
1956 1957
1956 2019
1957 1958
1957 2020
1958 1959
1958 2021
1959 1960
1959 2022
1960 1961
1960 2023
1961 1962
1961 2024
1962 1963
1962 2025
1963 1964
1963 2026
1964 1965
1964 2027
1965 1966
1965 2028
1966 1967
1966 2029
1967 1968
1967 2030
1968 1969
1968 2031
1969 1970
1969 2032
1970 1971
1970 2033
1971 1972
1971 2034
1972 1973
1972 2035
1973 1974
1973 2036
1974 1975
1974 2037
1975 1976
1975 2038
1976 1977
1976 2039
1977 1978
1977 2040
1978 1979
1978 2041
1979 1980
1979 2042
1980 1981
1980 2043
1981 1982
1981 2044
1982 1983
1982 2045
1983 1984
1983 2046
1984 1985
1984 2047
1985 1986
1985 2048
1986 1987
1986 2049
1987 1988
1987 2050
1988 1989
1988 2051
1989 1990
1989 2052
1990 1991
1990 2053
1991 1992
1991 2054
1992 1993
1992 2055
1993 1994
1993 2056
1994 1995
1994 2057
1995 1996
1995 2058
1996 1997
1996 2059
1997 1998
1997 2060
1998 1999
1998 2061
1999 2000
1999 2062
2000 2001
2000 2063
2001 2002
2001 2064
2002 2003
2002 2065
2003 2004
2003 2066
2004 2005
2004 2067
2005 2006
2005 2068
2006 2007
2006 2069
2007 2008
2007 2070
2008 2009
2008 2071
2009 2010
2009 2072
2010 2011
2010 2073
2011 2012
2011 2074
2012 2013
2012 2075
2013 2014
2013 2076
2014 2015
2014 2077
2015 2078
2016 2017
2016 2080
2017 2018
2017 2081
2018 2019
2018 2082
2019 2020
2019 2083
2020 2021
2020 2084
2021 2022
2021 2085
2022 2023
2022 2086
2023 2024
2023 2087
2024 2025
2024 2088
2025 2026
2025 2089
2026 2027
2026 2090
2027 2028
2027 2091
2028 2029
2028 2092
2029 2030
2029 2093
2030 2031
2030 2094
2031 2032
2031 2095
2032 2033
2032 2096
2033 2034
2033 2097
2034 2035
2034 2098
2035 2036
2035 2099
2036 2037
2036 2100
2037 2038
2037 2101
2038 2039
2038 2102
2039 2040
2039 2103
2040 2041
2040 2104
2041 2042
2041 2105
2042 2043
2042 2106
2043 2044
2043 2107
2044 2045
2044 2108
2045 2046
2045 2109
2046 2047
2046 2110
2047 2048
2047 2111
2048 2049
2048 2112
2049 2050
2049 2113
2050 2051
2050 2114
2051 2052
2051 2115
2052 2053
2052 2116
2053 2054
2053 2117
2054 2055
2054 2118
2055 2056
2055 2119
2056 2057
2056 2120
2057 2058
2057 2121
2058 2059
2058 2122
2059 2060
2059 2123
2060 2061
2060 2124
2061 2062
2061 2125
2062 2063
2062 2126
2063 2064
2063 2127
2064 2065
2064 2128
2065 2066
2065 2129
2066 2067
2066 2130
2067 2068
2067 2131
2068 2069
2068 2132
2069 2070
2069 2133
2070 2071
2070 2134
2071 2072
2071 2135
2072 2073
2072 2136
2073 2074
2073 2137
2074 2075
2074 2138
2075 2076
2075 2139
2076 2077
2076 2140
2077 2078
2077 2141
2078 2079
2078 2142
2079 2143
2080 2081
2080 2145
2081 2082
2081 2146
2082 2083
2082 2147
2083 2084
2083 2148
2084 2085
2084 2149
2085 2086
2085 2150
2086 2087
2086 2151
2087 2088
2087 2152
2088 2089
2088 2153
2089 2090
2089 2154
2090 2091
2090 2155
2091 2092
2091 2156
2092 2093
2092 2157
2093 2094
2093 2158
2094 2095
2094 2159
2095 2096
2095 2160
2096 2097
2096 2161
2097 2098
2097 2162
2098 2099
2098 2163
2099 2100
2099 2164
2100 2101
2100 2165
2101 2102
2101 2166
2102 2103
2102 2167
2103 2104
2103 2168
2104 2105
2104 2169
2105 2106
2105 2170
2106 2107
2106 2171
2107 2108
2107 2172
2108 2109
2108 2173
2109 2110
2109 2174
2110 2111
2110 2175
2111 2112
2111 2176
2112 2113
2112 2177
2113 2114
2113 2178
2114 2115
2114 2179
2115 2116
2115 2180
2116 2117
2116 2181
2117 2118
2117 2182
2118 2119
2118 2183
2119 2120
2119 2184
2120 2121
2120 2185
2121 2122
2121 2186
2122 2123
2122 2187
2123 2124
2123 2188
2124 2125
2124 2189
2125 2126
2125 2190
2126 2127
2126 2191
2127 2128
2127 2192
2128 2129
2128 2193
2129 2130
2129 2194
2130 2131
2130 2195
2131 2132
2131 2196
2132 2133
2132 2197
2133 2134
2133 2198
2134 2135
2134 2199
2135 2136
2135 2200
2136 2137
2136 2201
2137 2138
2137 2202
2138 2139
2138 2203
2139 2140
2139 2204
2140 2141
2140 2205
2141 2142
2141 2206
2142 2143
2142 2207
2143 2144
2143 2208
2144 2209
2145 2146
2145 2211
2146 2147
2146 2212
2147 2148
2147 2213
2148 2149
2148 2214
2149 2150
2149 2215
2150 2151
2150 2216
2151 2152
2151 2217
2152 2153
2152 2218
2153 2154
2153 2219
2154 2155
2154 2220
2155 2156
2155 2221
2156 2157
2156 2222
2157 2158
2157 2223
2158 2159
2158 2224
2159 2160
2159 2225
2160 2161
2160 2226
2161 2162
2161 2227
2162 2163
2162 2228
2163 2164
2163 2229
2164 2165
2164 2230
2165 2166
2165 2231
2166 2167
2166 2232
2167 2168
2167 2233
2168 2169
2168 2234
2169 2170
2169 2235
2170 2171
2170 2236
2171 2172
2171 2237
2172 2173
2172 2238
2173 2174
2173 2239
2174 2175
2174 2240
2175 2176
2175 2241
2176 2177
2176 2242
2177 2178
2177 2243
2178 2179
2178 2244
2179 2180
2179 2245
2180 2181
2180 2246
2181 2182
2181 2247
2182 2183
2182 2248
2183 2184
2183 2249
2184 2185
2184 2250
2185 2186
2185 2251
2186 2187
2186 2252
2187 2188
2187 2253
2188 2189
2188 2254
2189 2190
2189 2255
2190 2191
2190 2256
2191 2192
2191 2257
2192 2193
2192 2258
2193 2194
2193 2259
2194 2195
2194 2260
2195 2196
2195 2261
2196 2197
2196 2262
2197 2198
2197 2263
2198 2199
2198 2264
2199 2200
2199 2265
2200 2201
2200 2266
2201 2202
2201 2267
2202 2203
2202 2268
2203 2204
2203 2269
2204 2205
2204 2270
2205 2206
2205 2271
2206 2207
2206 2272
2207 2208
2207 2273
2208 2209
2208 2274
2209 2210
2209 2275
2210 2276
2211 2212
2211 2278
2212 2213
2212 2279
2213 2214
2213 2280
2214 2215
2214 2281
2215 2216
2215 2282
2216 2217
2216 2283
2217 2218
2217 2284
2218 2219
2218 2285
2219 2220
2219 2286
2220 2221
2220 2287
2221 2222
2221 2288
2222 2223
2222 2289
2223 2224
2223 2290
2224 2225
2224 2291
2225 2226
2225 2292
2226 2227
2226 2293
2227 2228
2227 2294
2228 2229
2228 2295
2229 2230
2229 2296
2230 2231
2230 2297
2231 2232
2231 2298
2232 2233
2232 2299
2233 2234
2233 2300
2234 2235
2234 2301
2235 2236
2235 2302
2236 2237
2236 2303
2237 2238
2237 2304
2238 2239
2238 2305
2239 2240
2239 2306
2240 2241
2240 2307
2241 2242
2241 2308
2242 2243
2242 2309
2243 2244
2243 2310
2244 2245
2244 2311
2245 2246
2245 2312
2246 2247
2246 2313
2247 2248
2247 2314
2248 2249
2248 2315
2249 2250
2249 2316
2250 2251
2250 2317
2251 2252
2251 2318
2252 2253
2252 2319
2253 2254
2253 2320
2254 2255
2254 2321
2255 2256
2255 2322
2256 2257
2256 2323
2257 2258
2257 2324
2258 2259
2258 2325
2259 2260
2259 2326
2260 2261
2260 2327
2261 2262
2261 2328
2262 2263
2262 2329
2263 2264
2263 2330
2264 2265
2264 2331
2265 2266
2265 2332
2266 2267
2266 2333
2267 2268
2267 2334
2268 2269
2268 2335
2269 2270
2269 2336
2270 2271
2270 2337
2271 2272
2271 2338
2272 2273
2272 2339
2273 2274
2273 2340
2274 2275
2274 2341
2275 2276
2275 2342
2276 2277
2276 2343
2277 2344
2278 2279
2278 2346
2279 2280
2279 2347
2280 2281
2280 2348
2281 2282
2281 2349
2282 2283
2282 2350
2283 2284
2283 2351
2284 2285
2284 2352
2285 2286
2285 2353
2286 2287
2286 2354
2287 2288
2287 2355
2288 2289
2288 2356
2289 2290
2289 2357
2290 2291
2290 2358
2291 2292
2291 2359
2292 2293
2292 2360
2293 2294
2293 2361
2294 2295
2294 2362
2295 2296
2295 2363
2296 2297
2296 2364
2297 2298
2297 2365
2298 2299
2298 2366
2299 2300
2299 2367
2300 2301
2300 2368
2301 2302
2301 2369
2302 2303
2302 2370
2303 2304
2303 2371
2304 2305
2304 2372
2305 2306
2305 2373
2306 2307
2306 2374
2307 2308
2307 2375
2308 2309
2308 2376
2309 2310
2309 2377
2310 2311
2310 2378
2311 2312
2311 2379
2312 2313
2312 2380
2313 2314
2313 2381
2314 2315
2314 2382
2315 2316
2315 2383
2316 2317
2316 2384
2317 2318
2317 2385
2318 2319
2318 2386
2319 2320
2319 2387
2320 2321
2320 2388
2321 2322
2321 2389
2322 2323
2322 2390
2323 2324
2323 2391
2324 2325
2324 2392
2325 2326
2325 2393
2326 2327
2326 2394
2327 2328
2327 2395
2328 2329
2328 2396
2329 2330
2329 2397
2330 2331
2330 2398
2331 2332
2331 2399
2332 2333
2332 2400
2333 2334
2333 2401
2334 2335
2334 2402
2335 2336
2335 2403
2336 2337
2336 2404
2337 2338
2337 2405
2338 2339
2338 2406
2339 2340
2339 2407
2340 2341
2340 2408
2341 2342
2341 2409
2342 2343
2342 2410
2343 2344
2343 2411
2344 2345
2344 2412
2345 2413
2346 2347
2346 2415
2347 2348
2347 2416
2348 2349
2348 2417
2349 2350
2349 2418
2350 2351
2350 2419
2351 2352
2351 2420
2352 2353
2352 2421
2353 2354
2353 2422
2354 2355
2354 2423
2355 2356
2355 2424
2356 2357
2356 2425
2357 2358
2357 2426
2358 2359
2358 2427
2359 2360
2359 2428
2360 2361
2360 2429
2361 2362
2361 2430
2362 2363
2362 2431
2363 2364
2363 2432
2364 2365
2364 2433
2365 2366
2365 2434
2366 2367
2366 2435
2367 2368
2367 2436
2368 2369
2368 2437
2369 2370
2369 2438
2370 2371
2370 2439
2371 2372
2371 2440
2372 2373
2372 2441
2373 2374
2373 2442
2374 2375
2374 2443
2375 2376
2375 2444
2376 2377
2376 2445
2377 2378
2377 2446
2378 2379
2378 2447
2379 2380
2379 2448
2380 2381
2380 2449
2381 2382
2381 2450
2382 2383
2382 2451
2383 2384
2383 2452
2384 2385
2384 2453
2385 2386
2385 2454
2386 2387
2386 2455
2387 2388
2387 2456
2388 2389
2388 2457
2389 2390
2389 2458
2390 2391
2390 2459
2391 2392
2391 2460
2392 2393
2392 2461
2393 2394
2393 2462
2394 2395
2394 2463
2395 2396
2395 2464
2396 2397
2396 2465
2397 2398
2397 2466
2398 2399
2398 2467
2399 2400
2399 2468
2400 2401
2400 2469
2401 2402
2401 2470
2402 2403
2402 2471
2403 2404
2403 2472
2404 2405
2404 2473
2405 2406
2405 2474
2406 2407
2406 2475
2407 2408
2407 2476
2408 2409
2408 2477
2409 2410
2409 2478
2410 2411
2410 2479
2411 2412
2411 2480
2412 2413
2412 2481
2413 2414
2413 2482
2414 2483
2415 2416
2415 2485
2416 2417
2416 2486
2417 2418
2417 2487
2418 2419
2418 2488
2419 2420
2419 2489
2420 2421
2420 2490
2421 2422
2421 2491
2422 2423
2422 2492
2423 2424
2423 2493
2424 2425
2424 2494
2425 2426
2425 2495
2426 2427
2426 2496
2427 2428
2427 2497
2428 2429
2428 2498
2429 2430
2429 2499
2430 2431
2430 2500
2431 2432
2431 2501
2432 2433
2432 2502
2433 2434
2433 2503
2434 2435
2434 2504
2435 2436
2435 2505
2436 2437
2436 2506
2437 2438
2437 2507
2438 2439
2438 2508
2439 2440
2439 2509
2440 2441
2440 2510
2441 2442
2441 2511
2442 2443
2442 2512
2443 2444
2443 2513
2444 2445
2444 2514
2445 2446
2445 2515
2446 2447
2446 2516
2447 2448
2447 2517
2448 2449
2448 2518
2449 2450
2449 2519
2450 2451
2450 2520
2451 2452
2451 2521
2452 2453
2452 2522
2453 2454
2453 2523
2454 2455
2454 2524
2455 2456
2455 2525
2456 2457
2456 2526
2457 2458
2457 2527
2458 2459
2458 2528
2459 2460
2459 2529
2460 2461
2460 2530
2461 2462
2461 2531
2462 2463
2462 2532
2463 2464
2463 2533
2464 2465
2464 2534
2465 2466
2465 2535
2466 2467
2466 2536
2467 2468
2467 2537
2468 2469
2468 2538
2469 2470
2469 2539
2470 2471
2470 2540
2471 2472
2471 2541
2472 2473
2472 2542
2473 2474
2473 2543
2474 2475
2474 2544
2475 2476
2475 2545
2476 2477
2476 2546
2477 2478
2477 2547
2478 2479
2478 2548
2479 2480
2479 2549
2480 2481
2480 2550
2481 2482
2481 2551
2482 2483
2482 2552
2483 2484
2483 2553
2484 2554
2485 2486
2485 2556
2486 2487
2486 2557
2487 2488
2487 2558
2488 2489
2488 2559
2489 2490
2489 2560
2490 2491
2490 2561
2491 2492
2491 2562
2492 2493
2492 2563
2493 2494
2493 2564
2494 2495
2494 2565
2495 2496
2495 2566
2496 2497
2496 2567
2497 2498
2497 2568
2498 2499
2498 2569
2499 2500
2499 2570
2500 2501
2500 2571
2501 2502
2501 2572
2502 2503
2502 2573
2503 2504
2503 2574
2504 2505
2504 2575
2505 2506
2505 2576
2506 2507
2506 2577
2507 2508
2507 2578
2508 2509
2508 2579
2509 2510
2509 2580
2510 2511
2510 2581
2511 2512
2511 2582
2512 2513
2512 2583
2513 2514
2513 2584
2514 2515
2514 2585
2515 2516
2515 2586
2516 2517
2516 2587
2517 2518
2517 2588
2518 2519
2518 2589
2519 2520
2519 2590
2520 2521
2520 2591
2521 2522
2521 2592
2522 2523
2522 2593
2523 2524
2523 2594
2524 2525
2524 2595
2525 2526
2525 2596
2526 2527
2526 2597
2527 2528
2527 2598
2528 2529
2528 2599
2529 2530
2529 2600
2530 2531
2530 2601
2531 2532
2531 2602
2532 2533
2532 2603
2533 2534
2533 2604
2534 2535
2534 2605
2535 2536
2535 2606
2536 2537
2536 2607
2537 2538
2537 2608
2538 2539
2538 2609
2539 2540
2539 2610
2540 2541
2540 2611
2541 2542
2541 2612
2542 2543
2542 2613
2543 2544
2543 2614
2544 2545
2544 2615
2545 2546
2545 2616
2546 2547
2546 2617
2547 2548
2547 2618
2548 2549
2548 2619
2549 2550
2549 2620
2550 2551
2550 2621
2551 2552
2551 2622
2552 2553
2552 2623
2553 2554
2553 2624
2554 2555
2554 2625
2555 2626
2556 2557
2556 2628
2557 2558
2557 2629
2558 2559
2558 2630
2559 2560
2559 2631
2560 2561
2560 2632
2561 2562
2561 2633
2562 2563
2562 2634
2563 2564
2563 2635
2564 2565
2564 2636
2565 2566
2565 2637
2566 2567
2566 2638
2567 2568
2567 2639
2568 2569
2568 2640
2569 2570
2569 2641
2570 2571
2570 2642
2571 2572
2571 2643
2572 2573
2572 2644
2573 2574
2573 2645
2574 2575
2574 2646
2575 2576
2575 2647
2576 2577
2576 2648
2577 2578
2577 2649
2578 2579
2578 2650
2579 2580
2579 2651
2580 2581
2580 2652
2581 2582
2581 2653
2582 2583
2582 2654
2583 2584
2583 2655
2584 2585
2584 2656
2585 2586
2585 2657
2586 2587
2586 2658
2587 2588
2587 2659
2588 2589
2588 2660
2589 2590
2589 2661
2590 2591
2590 2662
2591 2592
2591 2663
2592 2593
2592 2664
2593 2594
2593 2665
2594 2595
2594 2666
2595 2596
2595 2667
2596 2597
2596 2668
2597 2598
2597 2669
2598 2599
2598 2670
2599 2600
2599 2671
2600 2601
2600 2672
2601 2602
2601 2673
2602 2603
2602 2674
2603 2604
2603 2675
2604 2605
2604 2676
2605 2606
2605 2677
2606 2607
2606 2678
2607 2608
2607 2679
2608 2609
2608 2680
2609 2610
2609 2681
2610 2611
2610 2682
2611 2612
2611 2683
2612 2613
2612 2684
2613 2614
2613 2685
2614 2615
2614 2686
2615 2616
2615 2687
2616 2617
2616 2688
2617 2618
2617 2689
2618 2619
2618 2690
2619 2620
2619 2691
2620 2621
2620 2692
2621 2622
2621 2693
2622 2623
2622 2694
2623 2624
2623 2695
2624 2625
2624 2696
2625 2626
2625 2697
2626 2627
2626 2698
2627 2699
2628 2629
2628 2701
2629 2630
2629 2702
2630 2631
2630 2703
2631 2632
2631 2704
2632 2633
2632 2705
2633 2634
2633 2706
2634 2635
2634 2707
2635 2636
2635 2708
2636 2637
2636 2709
2637 2638
2637 2710
2638 2639
2638 2711
2639 2640
2639 2712
2640 2641
2640 2713
2641 2642
2641 2714
2642 2643
2642 2715
2643 2644
2643 2716
2644 2645
2644 2717
2645 2646
2645 2718
2646 2647
2646 2719
2647 2648
2647 2720
2648 2649
2648 2721
2649 2650
2649 2722
2650 2651
2650 2723
2651 2652
2651 2724
2652 2653
2652 2725
2653 2654
2653 2726
2654 2655
2654 2727
2655 2656
2655 2728
2656 2657
2656 2729
2657 2658
2657 2730
2658 2659
2658 2731
2659 2660
2659 2732
2660 2661
2660 2733
2661 2662
2661 2734
2662 2663
2662 2735
2663 2664
2663 2736
2664 2665
2664 2737
2665 2666
2665 2738
2666 2667
2666 2739
2667 2668
2667 2740
2668 2669
2668 2741
2669 2670
2669 2742
2670 2671
2670 2743
2671 2672
2671 2744
2672 2673
2672 2745
2673 2674
2673 2746
2674 2675
2674 2747
2675 2676
2675 2748
2676 2677
2676 2749
2677 2678
2677 2750
2678 2679
2678 2751
2679 2680
2679 2752
2680 2681
2680 2753
2681 2682
2681 2754
2682 2683
2682 2755
2683 2684
2683 2756
2684 2685
2684 2757
2685 2686
2685 2758
2686 2687
2686 2759
2687 2688
2687 2760
2688 2689
2688 2761
2689 2690
2689 2762
2690 2691
2690 2763
2691 2692
2691 2764
2692 2693
2692 2765
2693 2694
2693 2766
2694 2695
2694 2767
2695 2696
2695 2768
2696 2697
2696 2769
2697 2698
2697 2770
2698 2699
2698 2771
2699 2700
2699 2772
2700 2773
2701 2702
2701 2775
2702 2703
2702 2776
2703 2704
2703 2777
2704 2705
2704 2778
2705 2706
2705 2779
2706 2707
2706 2780
2707 2708
2707 2781
2708 2709
2708 2782
2709 2710
2709 2783
2710 2711
2710 2784
2711 2712
2711 2785
2712 2713
2712 2786
2713 2714
2713 2787
2714 2715
2714 2788
2715 2716
2715 2789
2716 2717
2716 2790
2717 2718
2717 2791
2718 2719
2718 2792
2719 2720
2719 2793
2720 2721
2720 2794
2721 2722
2721 2795
2722 2723
2722 2796
2723 2724
2723 2797
2724 2725
2724 2798
2725 2726
2725 2799
2726 2727
2726 2800
2727 2728
2727 2801
2728 2729
2728 2802
2729 2730
2729 2803
2730 2731
2730 2804
2731 2732
2731 2805
2732 2733
2732 2806
2733 2734
2733 2807
2734 2735
2734 2808
2735 2736
2735 2809
2736 2737
2736 2810
2737 2738
2737 2811
2738 2739
2738 2812
2739 2740
2739 2813
2740 2741
2740 2814
2741 2742
2741 2815
2742 2743
2742 2816
2743 2744
2743 2817
2744 2745
2744 2818
2745 2746
2745 2819
2746 2747
2746 2820
2747 2748
2747 2821
2748 2749
2748 2822
2749 2750
2749 2823
2750 2751
2750 2824
2751 2752
2751 2825
2752 2753
2752 2826
2753 2754
2753 2827
2754 2755
2754 2828
2755 2756
2755 2829
2756 2757
2756 2830
2757 2758
2757 2831
2758 2759
2758 2832
2759 2760
2759 2833
2760 2761
2760 2834
2761 2762
2761 2835
2762 2763
2762 2836
2763 2764
2763 2837
2764 2765
2764 2838
2765 2766
2765 2839
2766 2767
2766 2840
2767 2768
2767 2841
2768 2769
2768 2842
2769 2770
2769 2843
2770 2771
2770 2844
2771 2772
2771 2845
2772 2773
2772 2846
2773 2774
2773 2847
2774 2848
2775 2776
2775 2850
2776 2777
2776 2851
2777 2778
2777 2852
2778 2779
2778 2853
2779 2780
2779 2854
2780 2781
2780 2855
2781 2782
2781 2856
2782 2783
2782 2857
2783 2784
2783 2858
2784 2785
2784 2859
2785 2786
2785 2860
2786 2787
2786 2861
2787 2788
2787 2862
2788 2789
2788 2863
2789 2790
2789 2864
2790 2791
2790 2865
2791 2792
2791 2866
2792 2793
2792 2867
2793 2794
2793 2868
2794 2795
2794 2869
2795 2796
2795 2870
2796 2797
2796 2871
2797 2798
2797 2872
2798 2799
2798 2873
2799 2800
2799 2874
2800 2801
2800 2875
2801 2802
2801 2876
2802 2803
2802 2877
2803 2804
2803 2878
2804 2805
2804 2879
2805 2806
2805 2880
2806 2807
2806 2881
2807 2808
2807 2882
2808 2809
2808 2883
2809 2810
2809 2884
2810 2811
2810 2885
2811 2812
2811 2886
2812 2813
2812 2887
2813 2814
2813 2888
2814 2815
2814 2889
2815 2816
2815 2890
2816 2817
2816 2891
2817 2818
2817 2892
2818 2819
2818 2893
2819 2820
2819 2894
2820 2821
2820 2895
2821 2822
2821 2896
2822 2823
2822 2897
2823 2824
2823 2898
2824 2825
2824 2899
2825 2826
2825 2900
2826 2827
2826 2901
2827 2828
2827 2902
2828 2829
2828 2903
2829 2830
2829 2904
2830 2831
2830 2905
2831 2832
2831 2906
2832 2833
2832 2907
2833 2834
2833 2908
2834 2835
2834 2909
2835 2836
2835 2910
2836 2837
2836 2911
2837 2838
2837 2912
2838 2839
2838 2913
2839 2840
2839 2914
2840 2841
2840 2915
2841 2842
2841 2916
2842 2843
2842 2917
2843 2844
2843 2918
2844 2845
2844 2919
2845 2846
2845 2920
2846 2847
2846 2921
2847 2848
2847 2922
2848 2849
2848 2923
2849 2924
2850 2851
2850 2926
2851 2852
2851 2927
2852 2853
2852 2928
2853 2854
2853 2929
2854 2855
2854 2930
2855 2856
2855 2931
2856 2857
2856 2932
2857 2858
2857 2933
2858 2859
2858 2934
2859 2860
2859 2935
2860 2861
2860 2936
2861 2862
2861 2937
2862 2863
2862 2938
2863 2864
2863 2939
2864 2865
2864 2940
2865 2866
2865 2941
2866 2867
2866 2942
2867 2868
2867 2943
2868 2869
2868 2944
2869 2870
2869 2945
2870 2871
2870 2946
2871 2872
2871 2947
2872 2873
2872 2948
2873 2874
2873 2949
2874 2875
2874 2950
2875 2876
2875 2951
2876 2877
2876 2952
2877 2878
2877 2953
2878 2879
2878 2954
2879 2880
2879 2955
2880 2881
2880 2956
2881 2882
2881 2957
2882 2883
2882 2958
2883 2884
2883 2959
2884 2885
2884 2960
2885 2886
2885 2961
2886 2887
2886 2962
2887 2888
2887 2963
2888 2889
2888 2964
2889 2890
2889 2965
2890 2891
2890 2966
2891 2892
2891 2967
2892 2893
2892 2968
2893 2894
2893 2969
2894 2895
2894 2970
2895 2896
2895 2971
2896 2897
2896 2972
2897 2898
2897 2973
2898 2899
2898 2974
2899 2900
2899 2975
2900 2901
2900 2976
2901 2902
2901 2977
2902 2903
2902 2978
2903 2904
2903 2979
2904 2905
2904 2980
2905 2906
2905 2981
2906 2907
2906 2982
2907 2908
2907 2983
2908 2909
2908 2984
2909 2910
2909 2985
2910 2911
2910 2986
2911 2912
2911 2987
2912 2913
2912 2988
2913 2914
2913 2989
2914 2915
2914 2990
2915 2916
2915 2991
2916 2917
2916 2992
2917 2918
2917 2993
2918 2919
2918 2994
2919 2920
2919 2995
2920 2921
2920 2996
2921 2922
2921 2997
2922 2923
2922 2998
2923 2924
2923 2999
2924 2925
2924 3000
2925 3001
2926 2927
2926 3003
2927 2928
2927 3004
2928 2929
2928 3005
2929 2930
2929 3006
2930 2931
2930 3007
2931 2932
2931 3008
2932 2933
2932 3009
2933 2934
2933 3010
2934 2935
2934 3011
2935 2936
2935 3012
2936 2937
2936 3013
2937 2938
2937 3014
2938 2939
2938 3015
2939 2940
2939 3016
2940 2941
2940 3017
2941 2942
2941 3018
2942 2943
2942 3019
2943 2944
2943 3020
2944 2945
2944 3021
2945 2946
2945 3022
2946 2947
2946 3023
2947 2948
2947 3024
2948 2949
2948 3025
2949 2950
2949 3026
2950 2951
2950 3027
2951 2952
2951 3028
2952 2953
2952 3029
2953 2954
2953 3030
2954 2955
2954 3031
2955 2956
2955 3032
2956 2957
2956 3033
2957 2958
2957 3034
2958 2959
2958 3035
2959 2960
2959 3036
2960 2961
2960 3037
2961 2962
2961 3038
2962 2963
2962 3039
2963 2964
2963 3040
2964 2965
2964 3041
2965 2966
2965 3042
2966 2967
2966 3043
2967 2968
2967 3044
2968 2969
2968 3045
2969 2970
2969 3046
2970 2971
2970 3047
2971 2972
2971 3048
2972 2973
2972 3049
2973 2974
2973 3050
2974 2975
2974 3051
2975 2976
2975 3052
2976 2977
2976 3053
2977 2978
2977 3054
2978 2979
2978 3055
2979 2980
2979 3056
2980 2981
2980 3057
2981 2982
2981 3058
2982 2983
2982 3059
2983 2984
2983 3060
2984 2985
2984 3061
2985 2986
2985 3062
2986 2987
2986 3063
2987 2988
2987 3064
2988 2989
2988 3065
2989 2990
2989 3066
2990 2991
2990 3067
2991 2992
2991 3068
2992 2993
2992 3069
2993 2994
2993 3070
2994 2995
2994 3071
2995 2996
2995 3072
2996 2997
2996 3073
2997 2998
2997 3074
2998 2999
2998 3075
2999 3000
2999 3076
3000 3001
3000 3077
3001 3002
3001 3078
3002 3079
3003 3004
3003 3081
3004 3005
3004 3082
3005 3006
3005 3083
3006 3007
3006 3084
3007 3008
3007 3085
3008 3009
3008 3086
3009 3010
3009 3087
3010 3011
3010 3088
3011 3012
3011 3089
3012 3013
3012 3090
3013 3014
3013 3091
3014 3015
3014 3092
3015 3016
3015 3093
3016 3017
3016 3094
3017 3018
3017 3095
3018 3019
3018 3096
3019 3020
3019 3097
3020 3021
3020 3098
3021 3022
3021 3099
3022 3023
3022 3100
3023 3024
3023 3101
3024 3025
3024 3102
3025 3026
3025 3103
3026 3027
3026 3104
3027 3028
3027 3105
3028 3029
3028 3106
3029 3030
3029 3107
3030 3031
3030 3108
3031 3032
3031 3109
3032 3033
3032 3110
3033 3034
3033 3111
3034 3035
3034 3112
3035 3036
3035 3113
3036 3037
3036 3114
3037 3038
3037 3115
3038 3039
3038 3116
3039 3040
3039 3117
3040 3041
3040 3118
3041 3042
3041 3119
3042 3043
3042 3120
3043 3044
3043 3121
3044 3045
3044 3122
3045 3046
3045 3123
3046 3047
3046 3124
3047 3048
3047 3125
3048 3049
3048 3126
3049 3050
3049 3127
3050 3051
3050 3128
3051 3052
3051 3129
3052 3053
3052 3130
3053 3054
3053 3131
3054 3055
3054 3132
3055 3056
3055 3133
3056 3057
3056 3134
3057 3058
3057 3135
3058 3059
3058 3136
3059 3060
3059 3137
3060 3061
3060 3138
3061 3062
3061 3139
3062 3063
3062 3140
3063 3064
3063 3141
3064 3065
3064 3142
3065 3066
3065 3143
3066 3067
3066 3144
3067 3068
3067 3145
3068 3069
3068 3146
3069 3070
3069 3147
3070 3071
3070 3148
3071 3072
3071 3149
3072 3073
3072 3150
3073 3074
3073 3151
3074 3075
3074 3152
3075 3076
3075 3153
3076 3077
3076 3154
3077 3078
3077 3155
3078 3079
3078 3156
3079 3080
3079 3157
3080 3158
3081 3082
3081 3160
3082 3083
3082 3161
3083 3084
3083 3162
3084 3085
3084 3163
3085 3086
3085 3164
3086 3087
3086 3165
3087 3088
3087 3166
3088 3089
3088 3167
3089 3090
3089 3168
3090 3091
3090 3169
3091 3092
3091 3170
3092 3093
3092 3171
3093 3094
3093 3172
3094 3095
3094 3173
3095 3096
3095 3174
3096 3097
3096 3175
3097 3098
3097 3176
3098 3099
3098 3177
3099 3100
3099 3178
3100 3101
3100 3179
3101 3102
3101 3180
3102 3103
3102 3181
3103 3104
3103 3182
3104 3105
3104 3183
3105 3106
3105 3184
3106 3107
3106 3185
3107 3108
3107 3186
3108 3109
3108 3187
3109 3110
3109 3188
3110 3111
3110 3189
3111 3112
3111 3190
3112 3113
3112 3191
3113 3114
3113 3192
3114 3115
3114 3193
3115 3116
3115 3194
3116 3117
3116 3195
3117 3118
3117 3196
3118 3119
3118 3197
3119 3120
3119 3198
3120 3121
3120 3199
3121 3122
3121 3200
3122 3123
3122 3201
3123 3124
3123 3202
3124 3125
3124 3203
3125 3126
3125 3204
3126 3127
3126 3205
3127 3128
3127 3206
3128 3129
3128 3207
3129 3130
3129 3208
3130 3131
3130 3209
3131 3132
3131 3210
3132 3133
3132 3211
3133 3134
3133 3212
3134 3135
3134 3213
3135 3136
3135 3214
3136 3137
3136 3215
3137 3138
3137 3216
3138 3139
3138 3217
3139 3140
3139 3218
3140 3141
3140 3219
3141 3142
3141 3220
3142 3143
3142 3221
3143 3144
3143 3222
3144 3145
3144 3223
3145 3146
3145 3224
3146 3147
3146 3225
3147 3148
3147 3226
3148 3149
3148 3227
3149 3150
3149 3228
3150 3151
3150 3229
3151 3152
3151 3230
3152 3153
3152 3231
3153 3154
3153 3232
3154 3155
3154 3233
3155 3156
3155 3234
3156 3157
3156 3235
3157 3158
3157 3236
3158 3159
3158 3237
3159 3238
3160 3161
3160 3240
3161 3162
3161 3241
3162 3163
3162 3242
3163 3164
3163 3243
3164 3165
3164 3244
3165 3166
3165 3245
3166 3167
3166 3246
3167 3168
3167 3247
3168 3169
3168 3248
3169 3170
3169 3249
3170 3171
3170 3250
3171 3172
3171 3251
3172 3173
3172 3252
3173 3174
3173 3253
3174 3175
3174 3254
3175 3176
3175 3255
3176 3177
3176 3256
3177 3178
3177 3257
3178 3179
3178 3258
3179 3180
3179 3259
3180 3181
3180 3260
3181 3182
3181 3261
3182 3183
3182 3262
3183 3184
3183 3263
3184 3185
3184 3264
3185 3186
3185 3265
3186 3187
3186 3266
3187 3188
3187 3267
3188 3189
3188 3268
3189 3190
3189 3269
3190 3191
3190 3270
3191 3192
3191 3271
3192 3193
3192 3272
3193 3194
3193 3273
3194 3195
3194 3274
3195 3196
3195 3275
3196 3197
3196 3276
3197 3198
3197 3277
3198 3199
3198 3278
3199 3200
3199 3279
3200 3201
3200 3280
3201 3202
3201 3281
3202 3203
3202 3282
3203 3204
3203 3283
3204 3205
3204 3284
3205 3206
3205 3285
3206 3207
3206 3286
3207 3208
3207 3287
3208 3209
3208 3288
3209 3210
3209 3289
3210 3211
3210 3290
3211 3212
3211 3291
3212 3213
3212 3292
3213 3214
3213 3293
3214 3215
3214 3294
3215 3216
3215 3295
3216 3217
3216 3296
3217 3218
3217 3297
3218 3219
3218 3298
3219 3220
3219 3299
3220 3221
3220 3300
3221 3222
3221 3301
3222 3223
3222 3302
3223 3224
3223 3303
3224 3225
3224 3304
3225 3226
3225 3305
3226 3227
3226 3306
3227 3228
3227 3307
3228 3229
3228 3308
3229 3230
3229 3309
3230 3231
3230 3310
3231 3232
3231 3311
3232 3233
3232 3312
3233 3234
3233 3313
3234 3235
3234 3314
3235 3236
3235 3315
3236 3237
3236 3316
3237 3238
3237 3317
3238 3239
3238 3318
3239 3319
3240 3241
3240 3321
3241 3242
3241 3322
3242 3243
3242 3323
3243 3244
3243 3324
3244 3245
3244 3325
3245 3246
3245 3326
3246 3247
3246 3327
3247 3248
3247 3328
3248 3249
3248 3329
3249 3250
3249 3330
3250 3251
3250 3331
3251 3252
3251 3332
3252 3253
3252 3333
3253 3254
3253 3334
3254 3255
3254 3335
3255 3256
3255 3336
3256 3257
3256 3337
3257 3258
3257 3338
3258 3259
3258 3339
3259 3260
3259 3340
3260 3261
3260 3341
3261 3262
3261 3342
3262 3263
3262 3343
3263 3264
3263 3344
3264 3265
3264 3345
3265 3266
3265 3346
3266 3267
3266 3347
3267 3268
3267 3348
3268 3269
3268 3349
3269 3270
3269 3350
3270 3271
3270 3351
3271 3272
3271 3352
3272 3273
3272 3353
3273 3274
3273 3354
3274 3275
3274 3355
3275 3276
3275 3356
3276 3277
3276 3357
3277 3278
3277 3358
3278 3279
3278 3359
3279 3280
3279 3360
3280 3281
3280 3361
3281 3282
3281 3362
3282 3283
3282 3363
3283 3284
3283 3364
3284 3285
3284 3365
3285 3286
3285 3366
3286 3287
3286 3367
3287 3288
3287 3368
3288 3289
3288 3369
3289 3290
3289 3370
3290 3291
3290 3371
3291 3292
3291 3372
3292 3293
3292 3373
3293 3294
3293 3374
3294 3295
3294 3375
3295 3296
3295 3376
3296 3297
3296 3377
3297 3298
3297 3378
3298 3299
3298 3379
3299 3300
3299 3380
3300 3301
3300 3381
3301 3302
3301 3382
3302 3303
3302 3383
3303 3304
3303 3384
3304 3305
3304 3385
3305 3306
3305 3386
3306 3307
3306 3387
3307 3308
3307 3388
3308 3309
3308 3389
3309 3310
3309 3390
3310 3311
3310 3391
3311 3312
3311 3392
3312 3313
3312 3393
3313 3314
3313 3394
3314 3315
3314 3395
3315 3316
3315 3396
3316 3317
3316 3397
3317 3318
3317 3398
3318 3319
3318 3399
3319 3320
3319 3400
3320 3401
3321 3322
3321 3403
3322 3323
3322 3404
3323 3324
3323 3405
3324 3325
3324 3406
3325 3326
3325 3407
3326 3327
3326 3408
3327 3328
3327 3409
3328 3329
3328 3410
3329 3330
3329 3411
3330 3331
3330 3412
3331 3332
3331 3413
3332 3333
3332 3414
3333 3334
3333 3415
3334 3335
3334 3416
3335 3336
3335 3417
3336 3337
3336 3418
3337 3338
3337 3419
3338 3339
3338 3420
3339 3340
3339 3421
3340 3341
3340 3422
3341 3342
3341 3423
3342 3343
3342 3424
3343 3344
3343 3425
3344 3345
3344 3426
3345 3346
3345 3427
3346 3347
3346 3428
3347 3348
3347 3429
3348 3349
3348 3430
3349 3350
3349 3431
3350 3351
3350 3432
3351 3352
3351 3433
3352 3353
3352 3434
3353 3354
3353 3435
3354 3355
3354 3436
3355 3356
3355 3437
3356 3357
3356 3438
3357 3358
3357 3439
3358 3359
3358 3440
3359 3360
3359 3441
3360 3361
3360 3442
3361 3362
3361 3443
3362 3363
3362 3444
3363 3364
3363 3445
3364 3365
3364 3446
3365 3366
3365 3447
3366 3367
3366 3448
3367 3368
3367 3449
3368 3369
3368 3450
3369 3370
3369 3451
3370 3371
3370 3452
3371 3372
3371 3453
3372 3373
3372 3454
3373 3374
3373 3455
3374 3375
3374 3456
3375 3376
3375 3457
3376 3377
3376 3458
3377 3378
3377 3459
3378 3379
3378 3460
3379 3380
3379 3461
3380 3381
3380 3462
3381 3382
3381 3463
3382 3383
3382 3464
3383 3384
3383 3465
3384 3385
3384 3466
3385 3386
3385 3467
3386 3387
3386 3468
3387 3388
3387 3469
3388 3389
3388 3470
3389 3390
3389 3471
3390 3391
3390 3472
3391 3392
3391 3473
3392 3393
3392 3474
3393 3394
3393 3475
3394 3395
3394 3476
3395 3396
3395 3477
3396 3397
3396 3478
3397 3398
3397 3479
3398 3399
3398 3480
3399 3400
3399 3481
3400 3401
3400 3482
3401 3402
3401 3483
3402 3484
3403 3404
3403 3486
3404 3405
3404 3487
3405 3406
3405 3488
3406 3407
3406 3489
3407 3408
3407 3490
3408 3409
3408 3491
3409 3410
3409 3492
3410 3411
3410 3493
3411 3412
3411 3494
3412 3413
3412 3495
3413 3414
3413 3496
3414 3415
3414 3497
3415 3416
3415 3498
3416 3417
3416 3499
3417 3418
3417 3500
3418 3419
3418 3501
3419 3420
3419 3502
3420 3421
3420 3503
3421 3422
3421 3504
3422 3423
3422 3505
3423 3424
3423 3506
3424 3425
3424 3507
3425 3426
3425 3508
3426 3427
3426 3509
3427 3428
3427 3510
3428 3429
3428 3511
3429 3430
3429 3512
3430 3431
3430 3513
3431 3432
3431 3514
3432 3433
3432 3515
3433 3434
3433 3516
3434 3435
3434 3517
3435 3436
3435 3518
3436 3437
3436 3519
3437 3438
3437 3520
3438 3439
3438 3521
3439 3440
3439 3522
3440 3441
3440 3523
3441 3442
3441 3524
3442 3443
3442 3525
3443 3444
3443 3526
3444 3445
3444 3527
3445 3446
3445 3528
3446 3447
3446 3529
3447 3448
3447 3530
3448 3449
3448 3531
3449 3450
3449 3532
3450 3451
3450 3533
3451 3452
3451 3534
3452 3453
3452 3535
3453 3454
3453 3536
3454 3455
3454 3537
3455 3456
3455 3538
3456 3457
3456 3539
3457 3458
3457 3540
3458 3459
3458 3541
3459 3460
3459 3542
3460 3461
3460 3543
3461 3462
3461 3544
3462 3463
3462 3545
3463 3464
3463 3546
3464 3465
3464 3547
3465 3466
3465 3548
3466 3467
3466 3549
3467 3468
3467 3550
3468 3469
3468 3551
3469 3470
3469 3552
3470 3471
3470 3553
3471 3472
3471 3554
3472 3473
3472 3555
3473 3474
3473 3556
3474 3475
3474 3557
3475 3476
3475 3558
3476 3477
3476 3559
3477 3478
3477 3560
3478 3479
3478 3561
3479 3480
3479 3562
3480 3481
3480 3563
3481 3482
3481 3564
3482 3483
3482 3565
3483 3484
3483 3566
3484 3485
3484 3567
3485 3568
3486 3487
3486 3570
3487 3488
3487 3571
3488 3489
3488 3572
3489 3490
3489 3573
3490 3491
3490 3574
3491 3492
3491 3575
3492 3493
3492 3576
3493 3494
3493 3577
3494 3495
3494 3578
3495 3496
3495 3579
3496 3497
3496 3580
3497 3498
3497 3581
3498 3499
3498 3582
3499 3500
3499 3583
3500 3501
3500 3584
3501 3502
3501 3585
3502 3503
3502 3586
3503 3504
3503 3587
3504 3505
3504 3588
3505 3506
3505 3589
3506 3507
3506 3590
3507 3508
3507 3591
3508 3509
3508 3592
3509 3510
3509 3593
3510 3511
3510 3594
3511 3512
3511 3595
3512 3513
3512 3596
3513 3514
3513 3597
3514 3515
3514 3598
3515 3516
3515 3599
3516 3517
3516 3600
3517 3518
3517 3601
3518 3519
3518 3602
3519 3520
3519 3603
3520 3521
3520 3604
3521 3522
3521 3605
3522 3523
3522 3606
3523 3524
3523 3607
3524 3525
3524 3608
3525 3526
3525 3609
3526 3527
3526 3610
3527 3528
3527 3611
3528 3529
3528 3612
3529 3530
3529 3613
3530 3531
3530 3614
3531 3532
3531 3615
3532 3533
3532 3616
3533 3534
3533 3617
3534 3535
3534 3618
3535 3536
3535 3619
3536 3537
3536 3620
3537 3538
3537 3621
3538 3539
3538 3622
3539 3540
3539 3623
3540 3541
3540 3624
3541 3542
3541 3625
3542 3543
3542 3626
3543 3544
3543 3627
3544 3545
3544 3628
3545 3546
3545 3629
3546 3547
3546 3630
3547 3548
3547 3631
3548 3549
3548 3632
3549 3550
3549 3633
3550 3551
3550 3634
3551 3552
3551 3635
3552 3553
3552 3636
3553 3554
3553 3637
3554 3555
3554 3638
3555 3556
3555 3639
3556 3557
3556 3640
3557 3558
3557 3641
3558 3559
3558 3642
3559 3560
3559 3643
3560 3561
3560 3644
3561 3562
3561 3645
3562 3563
3562 3646
3563 3564
3563 3647
3564 3565
3564 3648
3565 3566
3565 3649
3566 3567
3566 3650
3567 3568
3567 3651
3568 3569
3568 3652
3569 3653
3570 3571
3570 3655
3571 3572
3571 3656
3572 3573
3572 3657
3573 3574
3573 3658
3574 3575
3574 3659
3575 3576
3575 3660
3576 3577
3576 3661
3577 3578
3577 3662
3578 3579
3578 3663
3579 3580
3579 3664
3580 3581
3580 3665
3581 3582
3581 3666
3582 3583
3582 3667
3583 3584
3583 3668
3584 3585
3584 3669
3585 3586
3585 3670
3586 3587
3586 3671
3587 3588
3587 3672
3588 3589
3588 3673
3589 3590
3589 3674
3590 3591
3590 3675
3591 3592
3591 3676
3592 3593
3592 3677
3593 3594
3593 3678
3594 3595
3594 3679
3595 3596
3595 3680
3596 3597
3596 3681
3597 3598
3597 3682
3598 3599
3598 3683
3599 3600
3599 3684
3600 3601
3600 3685
3601 3602
3601 3686
3602 3603
3602 3687
3603 3604
3603 3688
3604 3605
3604 3689
3605 3606
3605 3690
3606 3607
3606 3691
3607 3608
3607 3692
3608 3609
3608 3693
3609 3610
3609 3694
3610 3611
3610 3695
3611 3612
3611 3696
3612 3613
3612 3697
3613 3614
3613 3698
3614 3615
3614 3699
3615 3616
3615 3700
3616 3617
3616 3701
3617 3618
3617 3702
3618 3619
3618 3703
3619 3620
3619 3704
3620 3621
3620 3705
3621 3622
3621 3706
3622 3623
3622 3707
3623 3624
3623 3708
3624 3625
3624 3709
3625 3626
3625 3710
3626 3627
3626 3711
3627 3628
3627 3712
3628 3629
3628 3713
3629 3630
3629 3714
3630 3631
3630 3715
3631 3632
3631 3716
3632 3633
3632 3717
3633 3634
3633 3718
3634 3635
3634 3719
3635 3636
3635 3720
3636 3637
3636 3721
3637 3638
3637 3722
3638 3639
3638 3723
3639 3640
3639 3724
3640 3641
3640 3725
3641 3642
3641 3726
3642 3643
3642 3727
3643 3644
3643 3728
3644 3645
3644 3729
3645 3646
3645 3730
3646 3647
3646 3731
3647 3648
3647 3732
3648 3649
3648 3733
3649 3650
3649 3734
3650 3651
3650 3735
3651 3652
3651 3736
3652 3653
3652 3737
3653 3654
3653 3738
3654 3739
3655 3656
3655 3741
3656 3657
3656 3742
3657 3658
3657 3743
3658 3659
3658 3744
3659 3660
3659 3745
3660 3661
3660 3746
3661 3662
3661 3747
3662 3663
3662 3748
3663 3664
3663 3749
3664 3665
3664 3750
3665 3666
3665 3751
3666 3667
3666 3752
3667 3668
3667 3753
3668 3669
3668 3754
3669 3670
3669 3755
3670 3671
3670 3756
3671 3672
3671 3757
3672 3673
3672 3758
3673 3674
3673 3759
3674 3675
3674 3760
3675 3676
3675 3761
3676 3677
3676 3762
3677 3678
3677 3763
3678 3679
3678 3764
3679 3680
3679 3765
3680 3681
3680 3766
3681 3682
3681 3767
3682 3683
3682 3768
3683 3684
3683 3769
3684 3685
3684 3770
3685 3686
3685 3771
3686 3687
3686 3772
3687 3688
3687 3773
3688 3689
3688 3774
3689 3690
3689 3775
3690 3691
3690 3776
3691 3692
3691 3777
3692 3693
3692 3778
3693 3694
3693 3779
3694 3695
3694 3780
3695 3696
3695 3781
3696 3697
3696 3782
3697 3698
3697 3783
3698 3699
3698 3784
3699 3700
3699 3785
3700 3701
3700 3786
3701 3702
3701 3787
3702 3703
3702 3788
3703 3704
3703 3789
3704 3705
3704 3790
3705 3706
3705 3791
3706 3707
3706 3792
3707 3708
3707 3793
3708 3709
3708 3794
3709 3710
3709 3795
3710 3711
3710 3796
3711 3712
3711 3797
3712 3713
3712 3798
3713 3714
3713 3799
3714 3715
3714 3800
3715 3716
3715 3801
3716 3717
3716 3802
3717 3718
3717 3803
3718 3719
3718 3804
3719 3720
3719 3805
3720 3721
3720 3806
3721 3722
3721 3807
3722 3723
3722 3808
3723 3724
3723 3809
3724 3725
3724 3810
3725 3726
3725 3811
3726 3727
3726 3812
3727 3728
3727 3813
3728 3729
3728 3814
3729 3730
3729 3815
3730 3731
3730 3816
3731 3732
3731 3817
3732 3733
3732 3818
3733 3734
3733 3819
3734 3735
3734 3820
3735 3736
3735 3821
3736 3737
3736 3822
3737 3738
3737 3823
3738 3739
3738 3824
3739 3740
3739 3825
3740 3826
3741 3742
3741 3828
3742 3743
3742 3829
3743 3744
3743 3830
3744 3745
3744 3831
3745 3746
3745 3832
3746 3747
3746 3833
3747 3748
3747 3834
3748 3749
3748 3835
3749 3750
3749 3836
3750 3751
3750 3837
3751 3752
3751 3838
3752 3753
3752 3839
3753 3754
3753 3840
3754 3755
3754 3841
3755 3756
3755 3842
3756 3757
3756 3843
3757 3758
3757 3844
3758 3759
3758 3845
3759 3760
3759 3846
3760 3761
3760 3847
3761 3762
3761 3848
3762 3763
3762 3849
3763 3764
3763 3850
3764 3765
3764 3851
3765 3766
3765 3852
3766 3767
3766 3853
3767 3768
3767 3854
3768 3769
3768 3855
3769 3770
3769 3856
3770 3771
3770 3857
3771 3772
3771 3858
3772 3773
3772 3859
3773 3774
3773 3860
3774 3775
3774 3861
3775 3776
3775 3862
3776 3777
3776 3863
3777 3778
3777 3864
3778 3779
3778 3865
3779 3780
3779 3866
3780 3781
3780 3867
3781 3782
3781 3868
3782 3783
3782 3869
3783 3784
3783 3870
3784 3785
3784 3871
3785 3786
3785 3872
3786 3787
3786 3873
3787 3788
3787 3874
3788 3789
3788 3875
3789 3790
3789 3876
3790 3791
3790 3877
3791 3792
3791 3878
3792 3793
3792 3879
3793 3794
3793 3880
3794 3795
3794 3881
3795 3796
3795 3882
3796 3797
3796 3883
3797 3798
3797 3884
3798 3799
3798 3885
3799 3800
3799 3886
3800 3801
3800 3887
3801 3802
3801 3888
3802 3803
3802 3889
3803 3804
3803 3890
3804 3805
3804 3891
3805 3806
3805 3892
3806 3807
3806 3893
3807 3808
3807 3894
3808 3809
3808 3895
3809 3810
3809 3896
3810 3811
3810 3897
3811 3812
3811 3898
3812 3813
3812 3899
3813 3814
3813 3900
3814 3815
3814 3901
3815 3816
3815 3902
3816 3817
3816 3903
3817 3818
3817 3904
3818 3819
3818 3905
3819 3820
3819 3906
3820 3821
3820 3907
3821 3822
3821 3908
3822 3823
3822 3909
3823 3824
3823 3910
3824 3825
3824 3911
3825 3826
3825 3912
3826 3827
3826 3913
3827 3914
3828 3829
3828 3916
3829 3830
3829 3917
3830 3831
3830 3918
3831 3832
3831 3919
3832 3833
3832 3920
3833 3834
3833 3921
3834 3835
3834 3922
3835 3836
3835 3923
3836 3837
3836 3924
3837 3838
3837 3925
3838 3839
3838 3926
3839 3840
3839 3927
3840 3841
3840 3928
3841 3842
3841 3929
3842 3843
3842 3930
3843 3844
3843 3931
3844 3845
3844 3932
3845 3846
3845 3933
3846 3847
3846 3934
3847 3848
3847 3935
3848 3849
3848 3936
3849 3850
3849 3937
3850 3851
3850 3938
3851 3852
3851 3939
3852 3853
3852 3940
3853 3854
3853 3941
3854 3855
3854 3942
3855 3856
3855 3943
3856 3857
3856 3944
3857 3858
3857 3945
3858 3859
3858 3946
3859 3860
3859 3947
3860 3861
3860 3948
3861 3862
3861 3949
3862 3863
3862 3950
3863 3864
3863 3951
3864 3865
3864 3952
3865 3866
3865 3953
3866 3867
3866 3954
3867 3868
3867 3955
3868 3869
3868 3956
3869 3870
3869 3957
3870 3871
3870 3958
3871 3872
3871 3959
3872 3873
3872 3960
3873 3874
3873 3961
3874 3875
3874 3962
3875 3876
3875 3963
3876 3877
3876 3964
3877 3878
3877 3965
3878 3879
3878 3966
3879 3880
3879 3967
3880 3881
3880 3968
3881 3882
3881 3969
3882 3883
3882 3970
3883 3884
3883 3971
3884 3885
3884 3972
3885 3886
3885 3973
3886 3887
3886 3974
3887 3888
3887 3975
3888 3889
3888 3976
3889 3890
3889 3977
3890 3891
3890 3978
3891 3892
3891 3979
3892 3893
3892 3980
3893 3894
3893 3981
3894 3895
3894 3982
3895 3896
3895 3983
3896 3897
3896 3984
3897 3898
3897 3985
3898 3899
3898 3986
3899 3900
3899 3987
3900 3901
3900 3988
3901 3902
3901 3989
3902 3903
3902 3990
3903 3904
3903 3991
3904 3905
3904 3992
3905 3906
3905 3993
3906 3907
3906 3994
3907 3908
3907 3995
3908 3909
3908 3996
3909 3910
3909 3997
3910 3911
3910 3998
3911 3912
3911 3999
3912 3913
3912 4000
3913 3914
3913 4001
3914 3915
3914 4002
3915 4003
3916 3917
3916 4005
3917 3918
3917 4006
3918 3919
3918 4007
3919 3920
3919 4008
3920 3921
3920 4009
3921 3922
3921 4010
3922 3923
3922 4011
3923 3924
3923 4012
3924 3925
3924 4013
3925 3926
3925 4014
3926 3927
3926 4015
3927 3928
3927 4016
3928 3929
3928 4017
3929 3930
3929 4018
3930 3931
3930 4019
3931 3932
3931 4020
3932 3933
3932 4021
3933 3934
3933 4022
3934 3935
3934 4023
3935 3936
3935 4024
3936 3937
3936 4025
3937 3938
3937 4026
3938 3939
3938 4027
3939 3940
3939 4028
3940 3941
3940 4029
3941 3942
3941 4030
3942 3943
3942 4031
3943 3944
3943 4032
3944 3945
3944 4033
3945 3946
3945 4034
3946 3947
3946 4035
3947 3948
3947 4036
3948 3949
3948 4037
3949 3950
3949 4038
3950 3951
3950 4039
3951 3952
3951 4040
3952 3953
3952 4041
3953 3954
3953 4042
3954 3955
3954 4043
3955 3956
3955 4044
3956 3957
3956 4045
3957 3958
3957 4046
3958 3959
3958 4047
3959 3960
3959 4048
3960 3961
3960 4049
3961 3962
3961 4050
3962 3963
3962 4051
3963 3964
3963 4052
3964 3965
3964 4053
3965 3966
3965 4054
3966 3967
3966 4055
3967 3968
3967 4056
3968 3969
3968 4057
3969 3970
3969 4058
3970 3971
3970 4059
3971 3972
3971 4060
3972 3973
3972 4061
3973 3974
3973 4062
3974 3975
3974 4063
3975 3976
3975 4064
3976 3977
3976 4065
3977 3978
3977 4066
3978 3979
3978 4067
3979 3980
3979 4068
3980 3981
3980 4069
3981 3982
3981 4070
3982 3983
3982 4071
3983 3984
3983 4072
3984 3985
3984 4073
3985 3986
3985 4074
3986 3987
3986 4075
3987 3988
3987 4076
3988 3989
3988 4077
3989 3990
3989 4078
3990 3991
3990 4079
3991 3992
3991 4080
3992 3993
3992 4081
3993 3994
3993 4082
3994 3995
3994 4083
3995 3996
3995 4084
3996 3997
3996 4085
3997 3998
3997 4086
3998 3999
3998 4087
3999 4000
3999 4088
4000 4001
4000 4089
4001 4002
4001 4090
4002 4003
4002 4091
4003 4004
4003 4092
4004 4093
4005 4006
4005 4095
4006 4007
4006 4096
4007 4008
4007 4097
4008 4009
4008 4098
4009 4010
4009 4099
4010 4011
4010 4100
4011 4012
4011 4101
4012 4013
4012 4102
4013 4014
4013 4103
4014 4015
4014 4104
4015 4016
4015 4105
4016 4017
4016 4106
4017 4018
4017 4107
4018 4019
4018 4108
4019 4020
4019 4109
4020 4021
4020 4110
4021 4022
4021 4111
4022 4023
4022 4112
4023 4024
4023 4113
4024 4025
4024 4114
4025 4026
4025 4115
4026 4027
4026 4116
4027 4028
4027 4117
4028 4029
4028 4118
4029 4030
4029 4119
4030 4031
4030 4120
4031 4032
4031 4121
4032 4033
4032 4122
4033 4034
4033 4123
4034 4035
4034 4124
4035 4036
4035 4125
4036 4037
4036 4126
4037 4038
4037 4127
4038 4039
4038 4128
4039 4040
4039 4129
4040 4041
4040 4130
4041 4042
4041 4131
4042 4043
4042 4132
4043 4044
4043 4133
4044 4045
4044 4134
4045 4046
4045 4135
4046 4047
4046 4136
4047 4048
4047 4137
4048 4049
4048 4138
4049 4050
4049 4139
4050 4051
4050 4140
4051 4052
4051 4141
4052 4053
4052 4142
4053 4054
4053 4143
4054 4055
4054 4144
4055 4056
4055 4145
4056 4057
4056 4146
4057 4058
4057 4147
4058 4059
4058 4148
4059 4060
4059 4149
4060 4061
4060 4150
4061 4062
4061 4151
4062 4063
4062 4152
4063 4064
4063 4153
4064 4065
4064 4154
4065 4066
4065 4155
4066 4067
4066 4156
4067 4068
4067 4157
4068 4069
4068 4158
4069 4070
4069 4159
4070 4071
4070 4160
4071 4072
4071 4161
4072 4073
4072 4162
4073 4074
4073 4163
4074 4075
4074 4164
4075 4076
4075 4165
4076 4077
4076 4166
4077 4078
4077 4167
4078 4079
4078 4168
4079 4080
4079 4169
4080 4081
4080 4170
4081 4082
4081 4171
4082 4083
4082 4172
4083 4084
4083 4173
4084 4085
4084 4174
4085 4086
4085 4175
4086 4087
4086 4176
4087 4088
4087 4177
4088 4089
4088 4178
4089 4090
4089 4179
4090 4091
4090 4180
4091 4092
4091 4181
4092 4093
4092 4182
4093 4094
4093 4183
4094 4184
4095 4096
4095 4186
4096 4097
4096 4187
4097 4098
4097 4188
4098 4099
4098 4189
4099 4100
4099 4190
4100 4101
4100 4191
4101 4102
4101 4192
4102 4103
4102 4193
4103 4104
4103 4194
4104 4105
4104 4195
4105 4106
4105 4196
4106 4107
4106 4197
4107 4108
4107 4198
4108 4109
4108 4199
4109 4110
4109 4200
4110 4111
4110 4201
4111 4112
4111 4202
4112 4113
4112 4203
4113 4114
4113 4204
4114 4115
4114 4205
4115 4116
4115 4206
4116 4117
4116 4207
4117 4118
4117 4208
4118 4119
4118 4209
4119 4120
4119 4210
4120 4121
4120 4211
4121 4122
4121 4212
4122 4123
4122 4213
4123 4124
4123 4214
4124 4125
4124 4215
4125 4126
4125 4216
4126 4127
4126 4217
4127 4128
4127 4218
4128 4129
4128 4219
4129 4130
4129 4220
4130 4131
4130 4221
4131 4132
4131 4222
4132 4133
4132 4223
4133 4134
4133 4224
4134 4135
4134 4225
4135 4136
4135 4226
4136 4137
4136 4227
4137 4138
4137 4228
4138 4139
4138 4229
4139 4140
4139 4230
4140 4141
4140 4231
4141 4142
4141 4232
4142 4143
4142 4233
4143 4144
4143 4234
4144 4145
4144 4235
4145 4146
4145 4236
4146 4147
4146 4237
4147 4148
4147 4238
4148 4149
4148 4239
4149 4150
4149 4240
4150 4151
4150 4241
4151 4152
4151 4242
4152 4153
4152 4243
4153 4154
4153 4244
4154 4155
4154 4245
4155 4156
4155 4246
4156 4157
4156 4247
4157 4158
4157 4248
4158 4159
4158 4249
4159 4160
4159 4250
4160 4161
4160 4251
4161 4162
4161 4252
4162 4163
4162 4253
4163 4164
4163 4254
4164 4165
4164 4255
4165 4166
4165 4256
4166 4167
4166 4257
4167 4168
4167 4258
4168 4169
4168 4259
4169 4170
4169 4260
4170 4171
4170 4261
4171 4172
4171 4262
4172 4173
4172 4263
4173 4174
4173 4264
4174 4175
4174 4265
4175 4176
4175 4266
4176 4177
4176 4267
4177 4178
4177 4268
4178 4179
4178 4269
4179 4180
4179 4270
4180 4181
4180 4271
4181 4182
4181 4272
4182 4183
4182 4273
4183 4184
4183 4274
4184 4185
4184 4275
4185 4276
4186 4187
4186 4278
4187 4188
4187 4279
4188 4189
4188 4280
4189 4190
4189 4281
4190 4191
4190 4282
4191 4192
4191 4283
4192 4193
4192 4284
4193 4194
4193 4285
4194 4195
4194 4286
4195 4196
4195 4287
4196 4197
4196 4288
4197 4198
4197 4289
4198 4199
4198 4290
4199 4200
4199 4291
4200 4201
4200 4292
4201 4202
4201 4293
4202 4203
4202 4294
4203 4204
4203 4295
4204 4205
4204 4296
4205 4206
4205 4297
4206 4207
4206 4298
4207 4208
4207 4299
4208 4209
4208 4300
4209 4210
4209 4301
4210 4211
4210 4302
4211 4212
4211 4303
4212 4213
4212 4304
4213 4214
4213 4305
4214 4215
4214 4306
4215 4216
4215 4307
4216 4217
4216 4308
4217 4218
4217 4309
4218 4219
4218 4310
4219 4220
4219 4311
4220 4221
4220 4312
4221 4222
4221 4313
4222 4223
4222 4314
4223 4224
4223 4315
4224 4225
4224 4316
4225 4226
4225 4317
4226 4227
4226 4318
4227 4228
4227 4319
4228 4229
4228 4320
4229 4230
4229 4321
4230 4231
4230 4322
4231 4232
4231 4323
4232 4233
4232 4324
4233 4234
4233 4325
4234 4235
4234 4326
4235 4236
4235 4327
4236 4237
4236 4328
4237 4238
4237 4329
4238 4239
4238 4330
4239 4240
4239 4331
4240 4241
4240 4332
4241 4242
4241 4333
4242 4243
4242 4334
4243 4244
4243 4335
4244 4245
4244 4336
4245 4246
4245 4337
4246 4247
4246 4338
4247 4248
4247 4339
4248 4249
4248 4340
4249 4250
4249 4341
4250 4251
4250 4342
4251 4252
4251 4343
4252 4253
4252 4344
4253 4254
4253 4345
4254 4255
4254 4346
4255 4256
4255 4347
4256 4257
4256 4348
4257 4258
4257 4349
4258 4259
4258 4350
4259 4260
4259 4351
4260 4261
4260 4352
4261 4262
4261 4353
4262 4263
4262 4354
4263 4264
4263 4355
4264 4265
4264 4356
4265 4266
4265 4357
4266 4267
4266 4358
4267 4268
4267 4359
4268 4269
4268 4360
4269 4270
4269 4361
4270 4271
4270 4362
4271 4272
4271 4363
4272 4273
4272 4364
4273 4274
4273 4365
4274 4275
4274 4366
4275 4276
4275 4367
4276 4277
4276 4368
4277 4369
4278 4279
4278 4371
4279 4280
4279 4372
4280 4281
4280 4373
4281 4282
4281 4374
4282 4283
4282 4375
4283 4284
4283 4376
4284 4285
4284 4377
4285 4286
4285 4378
4286 4287
4286 4379
4287 4288
4287 4380
4288 4289
4288 4381
4289 4290
4289 4382
4290 4291
4290 4383
4291 4292
4291 4384
4292 4293
4292 4385
4293 4294
4293 4386
4294 4295
4294 4387
4295 4296
4295 4388
4296 4297
4296 4389
4297 4298
4297 4390
4298 4299
4298 4391
4299 4300
4299 4392
4300 4301
4300 4393
4301 4302
4301 4394
4302 4303
4302 4395
4303 4304
4303 4396
4304 4305
4304 4397
4305 4306
4305 4398
4306 4307
4306 4399
4307 4308
4307 4400
4308 4309
4308 4401
4309 4310
4309 4402
4310 4311
4310 4403
4311 4312
4311 4404
4312 4313
4312 4405
4313 4314
4313 4406
4314 4315
4314 4407
4315 4316
4315 4408
4316 4317
4316 4409
4317 4318
4317 4410
4318 4319
4318 4411
4319 4320
4319 4412
4320 4321
4320 4413
4321 4322
4321 4414
4322 4323
4322 4415
4323 4324
4323 4416
4324 4325
4324 4417
4325 4326
4325 4418
4326 4327
4326 4419
4327 4328
4327 4420
4328 4329
4328 4421
4329 4330
4329 4422
4330 4331
4330 4423
4331 4332
4331 4424
4332 4333
4332 4425
4333 4334
4333 4426
4334 4335
4334 4427
4335 4336
4335 4428
4336 4337
4336 4429
4337 4338
4337 4430
4338 4339
4338 4431
4339 4340
4339 4432
4340 4341
4340 4433
4341 4342
4341 4434
4342 4343
4342 4435
4343 4344
4343 4436
4344 4345
4344 4437
4345 4346
4345 4438
4346 4347
4346 4439
4347 4348
4347 4440
4348 4349
4348 4441
4349 4350
4349 4442
4350 4351
4350 4443
4351 4352
4351 4444
4352 4353
4352 4445
4353 4354
4353 4446
4354 4355
4354 4447
4355 4356
4355 4448
4356 4357
4356 4449
4357 4358
4357 4450
4358 4359
4358 4451
4359 4360
4359 4452
4360 4361
4360 4453
4361 4362
4361 4454
4362 4363
4362 4455
4363 4364
4363 4456
4364 4365
4364 4457
4365 4366
4365 4458
4366 4367
4366 4459
4367 4368
4367 4460
4368 4369
4368 4461
4369 4370
4369 4462
4370 4463
4371 4372
4371 4465
4372 4373
4372 4466
4373 4374
4373 4467
4374 4375
4374 4468
4375 4376
4375 4469
4376 4377
4376 4470
4377 4378
4377 4471
4378 4379
4378 4472
4379 4380
4379 4473
4380 4381
4380 4474
4381 4382
4381 4475
4382 4383
4382 4476
4383 4384
4383 4477
4384 4385
4384 4478
4385 4386
4385 4479
4386 4387
4386 4480
4387 4388
4387 4481
4388 4389
4388 4482
4389 4390
4389 4483
4390 4391
4390 4484
4391 4392
4391 4485
4392 4393
4392 4486
4393 4394
4393 4487
4394 4395
4394 4488
4395 4396
4395 4489
4396 4397
4396 4490
4397 4398
4397 4491
4398 4399
4398 4492
4399 4400
4399 4493
4400 4401
4400 4494
4401 4402
4401 4495
4402 4403
4402 4496
4403 4404
4403 4497
4404 4405
4404 4498
4405 4406
4405 4499
4406 4407
4406 4500
4407 4408
4407 4501
4408 4409
4408 4502
4409 4410
4409 4503
4410 4411
4410 4504
4411 4412
4411 4505
4412 4413
4412 4506
4413 4414
4413 4507
4414 4415
4414 4508
4415 4416
4415 4509
4416 4417
4416 4510
4417 4418
4417 4511
4418 4419
4418 4512
4419 4420
4419 4513
4420 4421
4420 4514
4421 4422
4421 4515
4422 4423
4422 4516
4423 4424
4423 4517
4424 4425
4424 4518
4425 4426
4425 4519
4426 4427
4426 4520
4427 4428
4427 4521
4428 4429
4428 4522
4429 4430
4429 4523
4430 4431
4430 4524
4431 4432
4431 4525
4432 4433
4432 4526
4433 4434
4433 4527
4434 4435
4434 4528
4435 4436
4435 4529
4436 4437
4436 4530
4437 4438
4437 4531
4438 4439
4438 4532
4439 4440
4439 4533
4440 4441
4440 4534
4441 4442
4441 4535
4442 4443
4442 4536
4443 4444
4443 4537
4444 4445
4444 4538
4445 4446
4445 4539
4446 4447
4446 4540
4447 4448
4447 4541
4448 4449
4448 4542
4449 4450
4449 4543
4450 4451
4450 4544
4451 4452
4451 4545
4452 4453
4452 4546
4453 4454
4453 4547
4454 4455
4454 4548
4455 4456
4455 4549
4456 4457
4456 4550
4457 4458
4457 4551
4458 4459
4458 4552
4459 4460
4459 4553
4460 4461
4460 4554
4461 4462
4461 4555
4462 4463
4462 4556
4463 4464
4463 4557
4464 4558
4465 4466
4465 4560
4466 4467
4466 4561
4467 4468
4467 4562
4468 4469
4468 4563
4469 4470
4469 4564
4470 4471
4470 4565
4471 4472
4471 4566
4472 4473
4472 4567
4473 4474
4473 4568
4474 4475
4474 4569
4475 4476
4475 4570
4476 4477
4476 4571
4477 4478
4477 4572
4478 4479
4478 4573
4479 4480
4479 4574
4480 4481
4480 4575
4481 4482
4481 4576
4482 4483
4482 4577
4483 4484
4483 4578
4484 4485
4484 4579
4485 4486
4485 4580
4486 4487
4486 4581
4487 4488
4487 4582
4488 4489
4488 4583
4489 4490
4489 4584
4490 4491
4490 4585
4491 4492
4491 4586
4492 4493
4492 4587
4493 4494
4493 4588
4494 4495
4494 4589
4495 4496
4495 4590
4496 4497
4496 4591
4497 4498
4497 4592
4498 4499
4498 4593
4499 4500
4499 4594
4500 4501
4500 4595
4501 4502
4501 4596
4502 4503
4502 4597
4503 4504
4503 4598
4504 4505
4504 4599
4505 4506
4505 4600
4506 4507
4506 4601
4507 4508
4507 4602
4508 4509
4508 4603
4509 4510
4509 4604
4510 4511
4510 4605
4511 4512
4511 4606
4512 4513
4512 4607
4513 4514
4513 4608
4514 4515
4514 4609
4515 4516
4515 4610
4516 4517
4516 4611
4517 4518
4517 4612
4518 4519
4518 4613
4519 4520
4519 4614
4520 4521
4520 4615
4521 4522
4521 4616
4522 4523
4522 4617
4523 4524
4523 4618
4524 4525
4524 4619
4525 4526
4525 4620
4526 4527
4526 4621
4527 4528
4527 4622
4528 4529
4528 4623
4529 4530
4529 4624
4530 4531
4530 4625
4531 4532
4531 4626
4532 4533
4532 4627
4533 4534
4533 4628
4534 4535
4534 4629
4535 4536
4535 4630
4536 4537
4536 4631
4537 4538
4537 4632
4538 4539
4538 4633
4539 4540
4539 4634
4540 4541
4540 4635
4541 4542
4541 4636
4542 4543
4542 4637
4543 4544
4543 4638
4544 4545
4544 4639
4545 4546
4545 4640
4546 4547
4546 4641
4547 4548
4547 4642
4548 4549
4548 4643
4549 4550
4549 4644
4550 4551
4550 4645
4551 4552
4551 4646
4552 4553
4552 4647
4553 4554
4553 4648
4554 4555
4554 4649
4555 4556
4555 4650
4556 4557
4556 4651
4557 4558
4557 4652
4558 4559
4558 4653
4559 4654
4560 4561
4560 4656
4561 4562
4561 4657
4562 4563
4562 4658
4563 4564
4563 4659
4564 4565
4564 4660
4565 4566
4565 4661
4566 4567
4566 4662
4567 4568
4567 4663
4568 4569
4568 4664
4569 4570
4569 4665
4570 4571
4570 4666
4571 4572
4571 4667
4572 4573
4572 4668
4573 4574
4573 4669
4574 4575
4574 4670
4575 4576
4575 4671
4576 4577
4576 4672
4577 4578
4577 4673
4578 4579
4578 4674
4579 4580
4579 4675
4580 4581
4580 4676
4581 4582
4581 4677
4582 4583
4582 4678
4583 4584
4583 4679
4584 4585
4584 4680
4585 4586
4585 4681
4586 4587
4586 4682
4587 4588
4587 4683
4588 4589
4588 4684
4589 4590
4589 4685
4590 4591
4590 4686
4591 4592
4591 4687
4592 4593
4592 4688
4593 4594
4593 4689
4594 4595
4594 4690
4595 4596
4595 4691
4596 4597
4596 4692
4597 4598
4597 4693
4598 4599
4598 4694
4599 4600
4599 4695
4600 4601
4600 4696
4601 4602
4601 4697
4602 4603
4602 4698
4603 4604
4603 4699
4604 4605
4604 4700
4605 4606
4605 4701
4606 4607
4606 4702
4607 4608
4607 4703
4608 4609
4608 4704
4609 4610
4609 4705
4610 4611
4610 4706
4611 4612
4611 4707
4612 4613
4612 4708
4613 4614
4613 4709
4614 4615
4614 4710
4615 4616
4615 4711
4616 4617
4616 4712
4617 4618
4617 4713
4618 4619
4618 4714
4619 4620
4619 4715
4620 4621
4620 4716
4621 4622
4621 4717
4622 4623
4622 4718
4623 4624
4623 4719
4624 4625
4624 4720
4625 4626
4625 4721
4626 4627
4626 4722
4627 4628
4627 4723
4628 4629
4628 4724
4629 4630
4629 4725
4630 4631
4630 4726
4631 4632
4631 4727
4632 4633
4632 4728
4633 4634
4633 4729
4634 4635
4634 4730
4635 4636
4635 4731
4636 4637
4636 4732
4637 4638
4637 4733
4638 4639
4638 4734
4639 4640
4639 4735
4640 4641
4640 4736
4641 4642
4641 4737
4642 4643
4642 4738
4643 4644
4643 4739
4644 4645
4644 4740
4645 4646
4645 4741
4646 4647
4646 4742
4647 4648
4647 4743
4648 4649
4648 4744
4649 4650
4649 4745
4650 4651
4650 4746
4651 4652
4651 4747
4652 4653
4652 4748
4653 4654
4653 4749
4654 4655
4654 4750
4655 4751
4656 4657
4656 4753
4657 4658
4657 4754
4658 4659
4658 4755
4659 4660
4659 4756
4660 4661
4660 4757
4661 4662
4661 4758
4662 4663
4662 4759
4663 4664
4663 4760
4664 4665
4664 4761
4665 4666
4665 4762
4666 4667
4666 4763
4667 4668
4667 4764
4668 4669
4668 4765
4669 4670
4669 4766
4670 4671
4670 4767
4671 4672
4671 4768
4672 4673
4672 4769
4673 4674
4673 4770
4674 4675
4674 4771
4675 4676
4675 4772
4676 4677
4676 4773
4677 4678
4677 4774
4678 4679
4678 4775
4679 4680
4679 4776
4680 4681
4680 4777
4681 4682
4681 4778
4682 4683
4682 4779
4683 4684
4683 4780
4684 4685
4684 4781
4685 4686
4685 4782
4686 4687
4686 4783
4687 4688
4687 4784
4688 4689
4688 4785
4689 4690
4689 4786
4690 4691
4690 4787
4691 4692
4691 4788
4692 4693
4692 4789
4693 4694
4693 4790
4694 4695
4694 4791
4695 4696
4695 4792
4696 4697
4696 4793
4697 4698
4697 4794
4698 4699
4698 4795
4699 4700
4699 4796
4700 4701
4700 4797
4701 4702
4701 4798
4702 4703
4702 4799
4703 4704
4703 4800
4704 4705
4704 4801
4705 4706
4705 4802
4706 4707
4706 4803
4707 4708
4707 4804
4708 4709
4708 4805
4709 4710
4709 4806
4710 4711
4710 4807
4711 4712
4711 4808
4712 4713
4712 4809
4713 4714
4713 4810
4714 4715
4714 4811
4715 4716
4715 4812
4716 4717
4716 4813
4717 4718
4717 4814
4718 4719
4718 4815
4719 4720
4719 4816
4720 4721
4720 4817
4721 4722
4721 4818
4722 4723
4722 4819
4723 4724
4723 4820
4724 4725
4724 4821
4725 4726
4725 4822
4726 4727
4726 4823
4727 4728
4727 4824
4728 4729
4728 4825
4729 4730
4729 4826
4730 4731
4730 4827
4731 4732
4731 4828
4732 4733
4732 4829
4733 4734
4733 4830
4734 4735
4734 4831
4735 4736
4735 4832
4736 4737
4736 4833
4737 4738
4737 4834
4738 4739
4738 4835
4739 4740
4739 4836
4740 4741
4740 4837
4741 4742
4741 4838
4742 4743
4742 4839
4743 4744
4743 4840
4744 4745
4744 4841
4745 4746
4745 4842
4746 4747
4746 4843
4747 4748
4747 4844
4748 4749
4748 4845
4749 4750
4749 4846
4750 4751
4750 4847
4751 4752
4751 4848
4752 4849
4753 4754
4753 4851
4754 4755
4754 4852
4755 4756
4755 4853
4756 4757
4756 4854
4757 4758
4757 4855
4758 4759
4758 4856
4759 4760
4759 4857
4760 4761
4760 4858
4761 4762
4761 4859
4762 4763
4762 4860
4763 4764
4763 4861
4764 4765
4764 4862
4765 4766
4765 4863
4766 4767
4766 4864
4767 4768
4767 4865
4768 4769
4768 4866
4769 4770
4769 4867
4770 4771
4770 4868
4771 4772
4771 4869
4772 4773
4772 4870
4773 4774
4773 4871
4774 4775
4774 4872
4775 4776
4775 4873
4776 4777
4776 4874
4777 4778
4777 4875
4778 4779
4778 4876
4779 4780
4779 4877
4780 4781
4780 4878
4781 4782
4781 4879
4782 4783
4782 4880
4783 4784
4783 4881
4784 4785
4784 4882
4785 4786
4785 4883
4786 4787
4786 4884
4787 4788
4787 4885
4788 4789
4788 4886
4789 4790
4789 4887
4790 4791
4790 4888
4791 4792
4791 4889
4792 4793
4792 4890
4793 4794
4793 4891
4794 4795
4794 4892
4795 4796
4795 4893
4796 4797
4796 4894
4797 4798
4797 4895
4798 4799
4798 4896
4799 4800
4799 4897
4800 4801
4800 4898
4801 4802
4801 4899
4802 4803
4802 4900
4803 4804
4803 4901
4804 4805
4804 4902
4805 4806
4805 4903
4806 4807
4806 4904
4807 4808
4807 4905
4808 4809
4808 4906
4809 4810
4809 4907
4810 4811
4810 4908
4811 4812
4811 4909
4812 4813
4812 4910
4813 4814
4813 4911
4814 4815
4814 4912
4815 4816
4815 4913
4816 4817
4816 4914
4817 4818
4817 4915
4818 4819
4818 4916
4819 4820
4819 4917
4820 4821
4820 4918
4821 4822
4821 4919
4822 4823
4822 4920
4823 4824
4823 4921
4824 4825
4824 4922
4825 4826
4825 4923
4826 4827
4826 4924
4827 4828
4827 4925
4828 4829
4828 4926
4829 4830
4829 4927
4830 4831
4830 4928
4831 4832
4831 4929
4832 4833
4832 4930
4833 4834
4833 4931
4834 4835
4834 4932
4835 4836
4835 4933
4836 4837
4836 4934
4837 4838
4837 4935
4838 4839
4838 4936
4839 4840
4839 4937
4840 4841
4840 4938
4841 4842
4841 4939
4842 4843
4842 4940
4843 4844
4843 4941
4844 4845
4844 4942
4845 4846
4845 4943
4846 4847
4846 4944
4847 4848
4847 4945
4848 4849
4848 4946
4849 4850
4849 4947
4850 4948
4851 4852
4851 4950
4852 4853
4852 4951
4853 4854
4853 4952
4854 4855
4854 4953
4855 4856
4855 4954
4856 4857
4856 4955
4857 4858
4857 4956
4858 4859
4858 4957
4859 4860
4859 4958
4860 4861
4860 4959
4861 4862
4861 4960
4862 4863
4862 4961
4863 4864
4863 4962
4864 4865
4864 4963
4865 4866
4865 4964
4866 4867
4866 4965
4867 4868
4867 4966
4868 4869
4868 4967
4869 4870
4869 4968
4870 4871
4870 4969
4871 4872
4871 4970
4872 4873
4872 4971
4873 4874
4873 4972
4874 4875
4874 4973
4875 4876
4875 4974
4876 4877
4876 4975
4877 4878
4877 4976
4878 4879
4878 4977
4879 4880
4879 4978
4880 4881
4880 4979
4881 4882
4881 4980
4882 4883
4882 4981
4883 4884
4883 4982
4884 4885
4884 4983
4885 4886
4885 4984
4886 4887
4886 4985
4887 4888
4887 4986
4888 4889
4888 4987
4889 4890
4889 4988
4890 4891
4890 4989
4891 4892
4891 4990
4892 4893
4892 4991
4893 4894
4893 4992
4894 4895
4894 4993
4895 4896
4895 4994
4896 4897
4896 4995
4897 4898
4897 4996
4898 4899
4898 4997
4899 4900
4899 4998
4900 4901
4900 4999
4901 4902
4901 5000
4902 4903
4902 5001
4903 4904
4903 5002
4904 4905
4904 5003
4905 4906
4905 5004
4906 4907
4906 5005
4907 4908
4907 5006
4908 4909
4908 5007
4909 4910
4909 5008
4910 4911
4910 5009
4911 4912
4911 5010
4912 4913
4912 5011
4913 4914
4913 5012
4914 4915
4914 5013
4915 4916
4915 5014
4916 4917
4916 5015
4917 4918
4917 5016
4918 4919
4918 5017
4919 4920
4919 5018
4920 4921
4920 5019
4921 4922
4921 5020
4922 4923
4922 5021
4923 4924
4923 5022
4924 4925
4924 5023
4925 4926
4925 5024
4926 4927
4926 5025
4927 4928
4927 5026
4928 4929
4928 5027
4929 4930
4929 5028
4930 4931
4930 5029
4931 4932
4931 5030
4932 4933
4932 5031
4933 4934
4933 5032
4934 4935
4934 5033
4935 4936
4935 5034
4936 4937
4936 5035
4937 4938
4937 5036
4938 4939
4938 5037
4939 4940
4939 5038
4940 4941
4940 5039
4941 4942
4941 5040
4942 4943
4942 5041
4943 4944
4943 5042
4944 4945
4944 5043
4945 4946
4945 5044
4946 4947
4946 5045
4947 4948
4947 5046
4948 4949
4948 5047
4949 5048
4950 4951
4951 4952
4952 4953
4953 4954
4954 4955
4955 4956
4956 4957
4957 4958
4958 4959
4959 4960
4960 4961
4961 4962
4962 4963
4963 4964
4964 4965
4965 4966
4966 4967
4967 4968
4968 4969
4969 4970
4970 4971
4971 4972
4972 4973
4973 4974
4974 4975
4975 4976
4976 4977
4977 4978
4978 4979
4979 4980
4980 4981
4981 4982
4982 4983
4983 4984
4984 4985
4985 4986
4986 4987
4987 4988
4988 4989
4989 4990
4990 4991
4991 4992
4992 4993
4993 4994
4994 4995
4995 4996
4996 4997
4997 4998
4998 4999
4999 5000
5000 5001
5001 5002
5002 5003
5003 5004
5004 5005
5005 5006
5006 5007
5007 5008
5008 5009
5009 5010
5010 5011
5011 5012
5012 5013
5013 5014
5014 5015
5015 5016
5016 5017
5017 5018
5018 5019
5019 5020
5020 5021
5021 5022
5022 5023
5023 5024
5024 5025
5025 5026
5026 5027
5027 5028
5028 5029
5029 5030
5030 5031
5031 5032
5032 5033
5033 5034
5034 5035
5035 5036
5036 5037
5037 5038
5038 5039
5039 5040
5040 5041
5041 5042
5042 5043
5043 5044
5044 5045
5045 5046
5046 5047
5047 5048
5048 5049
