100
0 1
0 10
1 2
2 3
2 12
3 13
5 15
6 7
6 16
7 17
9 19
10 11
10 20
11 12
12 22
13 14
13 23
14 24
15 16
15 25
16 26
18 19
18 28
19 29
20 21
20 30
21 22
21 31
22 23
23 24
23 33
24 25
24 34
26 36
27 28
27 37
28 29
28 38
29 39
30 31
31 41
32 33
33 34
34 35
34 44
35 36
36 37
36 46
37 38
39 49
40 41
40 50
41 42
41 51
42 43
42 52
43 44
43 53
44 54
45 46
45 55
46 56
47 48
48 49
48 58
49 59
50 51
50 60
51 52
51 61
52 53
52 62
56 57
57 58
57 67
59 69
60 61
61 71
62 63
62 72
63 64
63 73
64 65
65 66
66 67
67 68
68 69
68 78
69 79
70 80
71 72
71 81
72 73
72 82
73 74
74 75
74 84
75 76
76 77
76 86
78 79
78 88
79 89
80 81
80 90
81 82
82 83
82 92
84 85
84 94
86 96
87 88
87 97
88 89
88 98
89 99
91 92
92 93
93 94
94 95
95 96
96 97
