1976
1 2
4 7
6 8
7 10
8 9
11 12
12 14
14 15
14 19
15 16
15 20
19 20
21 25
22 23
23 27
24 25
24 32
25 33
27 36
28 29
29 30
30 37
31 32
32 33
33 34
35 36
35 39
37 41
39 45
42 50
45 46
47 53
48 54
49 50
49 55
52 53
52 58
55 61
57 64
58 66
60 61
60 69
61 62
63 64
64 70
65 66
65 73
66 67
66 74
67 75
68 69
70 71
70 81
72 73
73 74
73 83
74 75
76 77
76 86
77 78
78 87
80 93
81 95
82 96
84 85
85 86
87 88
88 89
90 91
90 102
91 103
92 93
93 94
94 95
96 97
97 105
98 99
98 107
99 100
99 108
101 111
102 103
103 104
104 113
105 106
106 107
107 108
108 116
109 118
110 111
110 119
113 114
116 117
117 118
117 127
118 128
120 121
122 123
123 131
125 126
126 133
127 128
129 130
130 136
132 139
133 134
136 137
138 139
138 149
140 150
141 142
143 152
146 157
147 159
148 149
151 165
152 153
152 167
153 168
155 156
156 157
157 169
159 160
160 161
160 171
162 172
163 175
165 178
166 167
166 180
167 168
168 181
172 184
173 174
174 175
174 186
175 176
175 187
176 188
177 178
177 191
178 179
178 192
179 180
179 193
180 194
181 182
184 185
186 187
187 188
188 189
190 201
191 192
191 202
192 193
192 203
193 194
195 196
196 208
197 198
197 209
198 199
199 210
202 203
204 217
205 206
206 219
208 221
209 222
210 224
212 213
212 227
215 216
215 231
216 217
216 232
217 218
220 221
221 235
222 223
223 224
226 227
226 240
227 241
229 230
230 231
231 232
232 247
233 234
235 236
235 250
237 238
237 252
238 253
239 240
240 241
241 242
241 255
242 243
245 246
245 256
246 257
247 248
247 259
248 249
248 260
251 252
252 253
253 254
256 257
256 272
257 273
258 259
258 277
259 260
259 278
260 279
261 262
261 281
262 263
262 282
263 264
263 283
264 284
266 286
267 268
268 288
269 292
270 294
271 296
272 273
273 274
274 275
275 276
276 277
277 278
277 298
278 279
279 280
279 299
280 281
280 300
281 282
282 283
283 284
284 285
286 302
287 304
288 289
289 290
289 306
290 291
290 307
291 292
292 293
293 294
294 295
294 308
295 296
295 309
297 311
298 318
299 300
301 322
302 303
303 304
306 307
308 309
310 311
311 312
313 314
314 315
315 327
316 317
317 318
319 320
319 331
320 321
320 332
322 335
323 339
326 343
327 328
327 347
329 350
330 351
331 332
333 334
333 352
334 335
335 353
337 338
338 339
339 340
339 356
340 357
341 342
341 358
343 361
344 362
345 364
346 366
349 350
351 368
353 354
356 357
359 360
360 361
361 375
362 363
362 377
363 364
364 365
366 378
367 368
368 369
369 382
370 371
372 373
373 374
375 376
375 390
376 377
378 379
379 380
380 381
382 383
384 385
385 398
387 402
388 404
389 407
391 392
392 409
393 410
394 395
396 397
396 413
399 400
399 416
400 401
400 417
402 403
403 404
403 419
404 420
405 406
405 423
406 407
407 424
411 429
413 434
415 437
416 417
419 420
419 438
421 422
421 439
422 423
422 440
424 425
424 441
425 442
427 428
429 448
430 431
432 433
433 451
434 435
434 452
435 453
436 437
436 454
439 440
439 457
440 458
441 442
443 444
444 461
445 463
446 447
447 448
449 450
450 464
452 453
452 465
453 466
457 458
457 469
460 473
461 475
462 477
463 479
464 483
465 466
468 488
469 491
473 474
473 496
474 475
475 476
477 478
478 479
481 482
481 501
482 502
483 484
483 504
487 488
489 490
491 513
493 515
495 496
495 517
498 499
501 502
502 521
503 504
505 506
506 524
508 525
509 510
509 526
510 527
512 513
513 514
514 530
515 516
515 532
518 519
518 537
519 538
521 541
523 542
526 527
527 528
528 546
530 531
531 551
532 552
533 534
535 536
536 537
536 555
537 538
539 540
542 543
543 544
544 562
546 547
546 566
548 568
550 569
552 570
553 571
555 574
557 579
559 560
560 561
562 583
564 565
566 586
567 568
569 589
571 572
573 574
574 575
575 576
575 594
576 595
577 597
578 599
579 580
581 602
584 585
585 607
586 587
586 609
587 610
590 591
591 612
594 595
594 613
596 597
596 614
597 598
597 615
598 599
598 616
599 600
599 617
601 602
602 603
603 604
604 605
606 622
607 624
609 610
610 627
611 628
613 633
614 615
615 616
616 617
616 635
618 619
619 637
620 640
621 622
623 644
624 625
625 646
626 647
627 648
628 650
630 631
631 655
632 633
632 656
634 658
635 661
637 638
638 663
639 640
639 665
642 643
643 666
644 645
644 668
648 649
649 671
652 653
653 654
654 673
655 674
656 675
657 658
658 659
658 676
659 660
659 677
661 662
662 678
664 683
666 689
667 668
668 691
669 670
671 672
676 677
677 695
678 679
679 680
679 697
682 683
682 700
683 684
684 701
685 704
686 687
686 707
688 689
689 690
689 708
692 693
695 696
698 722
699 723
700 725
701 702
701 726
703 704
704 729
705 706
706 707
710 711
711 712
713 714
715 736
716 717
718 738
719 720
719 740
722 745
723 724
724 725
726 747
727 728
728 748
730 731
730 752
732 733
733 734
733 756
734 757
736 737
738 739
743 744
744 745
744 766
745 746
745 767
747 771
748 749
749 774
750 776
752 778
753 754
756 757
757 758
759 760
759 785
760 761
761 786
762 788
763 764
763 793
765 795
766 767
768 769
770 771
770 797
771 772
772 773
773 798
774 775
774 799
775 800
776 801
777 778
777 805
779 780
779 808
782 783
784 785
784 813
789 790
790 791
790 815
791 816
792 793
793 817
794 795
795 796
798 818
799 800
801 802
802 803
803 804
803 822
807 808
808 826
809 828
812 813
812 831
813 832
815 816
815 839
819 820
821 846
822 848
827 828
829 830
830 855
831 832
832 856
833 834
834 835
834 857
835 836
835 858
836 859
838 839
842 843
843 844
846 847
846 869
848 849
849 870
850 851
850 872
851 852
851 873
852 874
853 854
857 858
858 859
862 863
862 886
863 887
864 865
865 866
865 890
866 867
872 873
873 874
874 896
875 897
876 877
877 878
877 899
879 901
881 904
882 907
883 884
884 911
885 886
886 887
887 888
890 914
891 892
891 917
892 893
893 918
894 922
897 898
897 927
902 928
904 932
906 907
906 934
907 908
908 909
908 935
909 936
913 914
913 942
914 915
915 916
917 943
919 920
921 922
921 946
923 924
924 947
925 949
926 952
927 954
929 930
929 957
931 932
933 934
934 959
935 936
935 961
936 937
936 962
939 940
939 964
940 941
940 965
941 966
946 973
947 948
948 949
950 951
951 952
952 953
953 977
956 957
956 981
957 982
958 985
959 960
959 986
960 961
961 962
961 987
964 965
964 990
965 966
966 967
968 969
968 993
972 995
973 974
974 975
974 996
975 997
977 1002
978 1006
981 982
982 983
984 985
984 1010
986 1012
987 1013
989 990
990 1016
991 992
992 993
993 1018
995 1025
996 997
996 1030
997 1031
998 1033
1001 1002
1001 1036
1002 1003
1004 1005
1005 1006
1006 1007
1006 1037
1008 1042
1009 1010
1009 1046
1010 1047
1011 1012
1011 1048
1014 1051
1015 1053
1016 1017
1017 1055
1018 1058
1019 1059
1020 1021
1024 1025
1024 1061
1025 1026
1026 1027
1026 1062
1027 1028
1030 1031
1030 1066
1032 1033
1033 1034
1033 1068
1034 1069
1035 1036
1036 1070
1038 1039
1038 1074
1039 1040
1040 1041
1040 1075
1041 1042
1042 1043
1043 1044
1044 1045
1044 1076
1046 1047
1046 1077
1049 1080
1051 1052
1052 1053
1053 1054
1057 1058
1057 1082
1058 1083
1060 1087
1061 1089
1063 1091
1065 1066
1065 1092
1068 1069
1069 1093
1073 1074
1078 1099
1079 1080
1079 1101
1080 1102
1082 1083
1083 1084
1085 1086
1086 1108
1087 1110
1088 1089
1090 1091
1090 1111
1094 1095
1094 1121
1095 1122
1097 1098
1099 1100
1100 1101
1101 1102
1103 1104
1103 1130
1105 1106
1105 1132
1106 1133
1108 1136
1110 1138
1112 1113
1113 1144
1114 1115
1114 1146
1116 1117
1116 1148
1117 1149
1118 1119
1118 1150
1119 1120
1119 1151
1121 1122
1122 1123
1122 1153
1123 1154
1125 1126
1126 1127
1128 1160
1130 1161
1131 1132
1131 1164
1132 1133
1132 1165
1133 1134
1137 1138
1138 1139
1139 1140
1139 1167
1140 1141
1148 1149
1148 1172
1150 1151
1150 1174
1151 1175
1153 1154
1154 1155
1155 1156
1158 1179
1160 1182
1163 1164
1163 1192
1164 1165
1164 1193
1166 1194
1169 1170
1170 1199
1174 1175
1174 1205
1175 1176
1175 1206
1176 1207
1178 1179
1180 1181
1181 1212
1182 1215
1186 1187
1186 1216
1187 1188
1188 1217
1189 1190
1191 1192
1192 1193
1192 1219
1194 1195
1195 1196
1198 1226
1199 1229
1200 1231
1201 1202
1201 1233
1203 1204
1203 1234
1204 1205
1204 1235
1205 1206
1206 1207
1207 1208
1209 1238
1212 1213
1213 1214
1213 1240
1214 1215
1214 1241
1215 1242
1217 1246
1220 1221
1220 1253
1221 1222
1221 1254
1224 1256
1225 1258
1226 1227
1226 1260
1227 1228
1227 1261
1228 1229
1228 1262
1229 1230
1231 1265
1232 1268
1234 1235
1236 1276
1237 1279
1240 1241
1241 1242
1241 1284
1243 1244
1246 1247
1246 1289
1247 1290
1248 1291
1252 1253
1253 1254
1255 1297
1256 1257
1257 1258
1258 1259
1258 1299
1259 1260
1259 1300
1260 1261
1261 1262
1262 1301
1263 1264
1263 1303
1265 1266
1266 1267
1266 1304
1267 1305
1268 1269
1268 1306
1269 1307
1270 1308
1274 1275
1275 1276
1275 1310
1276 1277
1277 1278
1277 1311
1278 1279
1279 1280
1281 1313
1282 1283
1282 1316
1283 1317
1284 1318
1285 1286
1287 1319
1288 1289
1289 1290
1289 1322
1290 1323
1291 1292
1291 1324
1293 1294
1294 1295
1294 1326
1295 1327
1296 1328
1299 1300
1299 1331
1300 1332
1301 1302
1301 1335
1302 1336
1304 1305
1306 1307
1306 1340
1307 1341
1310 1346
1312 1313
1312 1352
1313 1314
1313 1353
1314 1315
1315 1354
1316 1317
1316 1355
1318 1357
1319 1320
1320 1321
1320 1361
1322 1323
1323 1362
1324 1364
1325 1366
1326 1327
1326 1367
1330 1331
1331 1332
1332 1333
1332 1371
1333 1334
1334 1335
1335 1336
1338 1339
1338 1374
1340 1341
1342 1343
1342 1377
1343 1344
1343 1378
1346 1347
1346 1380
1347 1381
1348 1349
1349 1350
1352 1353
1356 1357
1358 1359
1359 1360
1359 1385
1362 1363
1363 1364
1363 1386
1364 1365
1370 1390
1371 1391
1373 1395
1374 1397
1376 1377
1377 1378
1379 1380
1380 1381
1380 1403
1381 1382
1382 1383
1384 1410
1386 1415
1387 1388
1387 1419
1389 1390
1390 1424
1391 1392
1391 1429
1392 1430
1394 1433
1395 1396
1396 1397
1399 1400
1404 1405
1404 1443
1405 1406
1406 1444
1407 1408
1408 1448
1409 1410
1409 1449
1410 1450
1411 1412
1412 1453
1413 1414
1413 1455
1415 1457
1417 1459
1418 1419
1419 1462
1420 1421
1422 1423
1422 1464
1424 1425
1425 1426
1426 1427
1426 1466
1427 1428
1427 1467
1428 1429
1429 1430
1430 1468
1433 1470
1435 1477
1436 1437
1438 1439
1438 1479
1440 1441
1441 1442
1442 1443
1444 1445
1445 1446
1449 1450
1449 1483
1450 1451
1451 1484
1452 1485
1453 1454
1454 1487
1456 1457
1457 1458
1457 1489
1459 1460
1460 1461
1462 1492
1463 1494
1466 1467
1468 1469
1469 1500
1470 1471
1470 1503
1471 1472
1472 1473
1472 1504
1473 1474
1473 1505
1474 1506
1479 1514
1480 1518
1482 1522
1485 1486
1485 1525
1487 1527
1491 1492
1491 1529
1493 1494
1495 1496
1495 1532
1496 1497
1497 1533
1500 1540
1502 1542
1503 1544
1504 1505
1505 1506
1505 1545
1507 1508
1507 1546
1510 1549
1511 1512
1512 1513
1512 1551
1513 1552
1515 1554
1516 1555
1518 1519
1518 1557
1521 1559
1522 1560
1524 1525
1524 1562
1526 1527
1526 1563
1528 1529
1531 1532
1531 1569
1532 1570
1533 1534
1533 1572
1534 1535
1535 1573
1537 1538
1539 1575
1540 1541
1540 1576
1541 1577
1542 1543
1543 1544
1546 1581
1551 1552
1551 1588
1552 1589
1553 1554
1555 1556
1556 1593
1558 1559
1558 1598
1564 1565
1564 1607
1565 1608
1566 1610
1567 1568
1568 1569
1568 1614
1569 1570
1570 1571
1570 1615
1571 1572
1571 1616
1573 1617
1574 1575
1576 1577
1576 1620
1577 1578
1577 1621
1578 1622
1580 1581
1583 1626
1587 1588
1588 1589
1588 1630
1589 1590
1589 1631
1590 1632
1591 1592
1593 1594
1594 1595
1595 1635
1596 1597
1597 1636
1598 1638
1599 1640
1600 1601
1600 1641
1601 1642
1602 1603
1604 1645
1607 1608
1608 1609
1609 1610
1612 1613
1613 1647
1615 1616
1616 1650
1618 1652
1619 1653
1620 1621
1621 1622
1622 1623
1625 1626
1627 1660
1628 1629
1629 1663
1630 1631
1630 1665
1631 1632
1632 1633
1633 1666
1635 1669
1636 1637
1637 1638
1638 1639
1639 1640
1639 1671
1641 1642
1642 1643
1642 1672
1644 1645
1647 1648
1647 1677
1648 1678
1649 1679
1650 1680
1652 1683
1653 1654
1655 1656
1655 1688
1656 1657
1656 1689
1657 1690
1658 1691
1659 1660
1660 1661
1662 1693
1664 1665
1666 1698
1667 1668
1668 1700
1669 1670
1669 1701
1671 1704
1674 1705
1675 1709
1677 1678
1677 1714
1678 1715
1679 1716
1680 1717
1681 1682
1682 1683
1682 1719
1685 1686
1687 1722
1688 1689
1689 1690
1691 1724
1692 1725
1694 1695
1694 1728
1695 1696
1697 1698
1697 1730
1706 1707
1706 1738
1708 1709
1708 1740
1709 1710
1710 1711
1711 1741
1712 1713
1713 1714
1713 1743
1714 1715
1714 1744
1715 1745
1717 1718
1719 1748
1722 1723
1723 1753
1724 1754
1726 1727
1731 1732
1732 1761
1736 1767
1738 1772
1739 1740
1741 1742
1743 1744
1744 1745
1746 1777
1747 1748
1748 1778
1750 1751
1750 1780
1751 1752
1753 1782
1754 1784
1761 1795
1762 1763
1764 1798
1765 1766
1766 1767
1769 1770
1770 1771
1770 1803
1771 1772
1772 1773
1774 1775
1776 1810
1779 1814
1781 1782
1781 1818
1784 1785
1787 1821
1788 1789
1789 1822
1790 1791
1790 1823
1794 1826
1796 1797
1797 1828
1798 1799
1798 1830
1802 1833
1803 1834
1804 1805
1805 1836
1806 1839
1808 1809
1808 1842
1810 1811
1810 1843
1812 1845
1814 1815
1814 1846
1815 1816
1815 1847
1817 1818
1817 1849
1818 1850
1820 1855
1822 1859
1825 1864
1826 1865
1827 1866
1828 1829
1828 1869
1829 1830
1829 1870
1832 1833
1832 1876
1834 1835
1834 1878
1836 1837
1837 1838
1838 1839
1839 1840
1840 1841
1840 1880
1841 1881
1843 1883
1844 1885
1845 1887
1846 1847
1846 1889
1848 1849
1848 1890
1849 1850
1849 1891
1851 1852
1852 1893
1853 1854
1854 1895
1855 1856
1856 1896
1857 1897
1858 1859
1859 1860
1861 1862
1861 1903
1862 1904
1863 1905
1866 1909
1867 1868
1868 1910
1869 1870
1870 1912
1872 1873
1872 1913
1874 1875
1876 1915
1878 1917
1880 1881
1881 1882
1881 1921
1882 1922
1883 1884
1883 1925
1884 1885
1884 1926
1885 1886
1885 1927
1886 1887
1887 1888
1890 1891
1892 1932
1893 1934
1894 1935
1898 1941
1901 1902
1902 1903
1903 1904
1905 1906
1906 1907
1907 1943
1908 1946
1910 1911
1910 1949
1913 1951
1914 1915
1915 1955
1916 1956
1919 1959
1921 1922
1923 1924
1925 1926
1925 1961
1926 1927
1928 1929
1928 1966
1929 1930
1930 1931
1932 1933
1932 1968
1933 1934
1933 1969
1934 1970
1937 1938
1938 1972
1939 1940
1940 1941
1943 1944
1944 1945
1947 1948
1948 1949
1952 1953
1953 1954
1957 1958
1960 1961
1962 1963
1967 1968
1968 1969
1969 1970
1974 1975
