2002
1 2
3 4
4 5
4 8
5 6
6 7
9 12
10 11
11 12
11 14
13 15
15 19
17 20
18 22
20 21
21 22
22 23
23 27
24 25
24 28
26 29
29 30
30 33
33 34
35 40
36 37
38 44
39 40
39 46
40 41
40 47
41 42
43 48
44 45
45 52
46 47
46 53
48 49
49 50
49 55
50 56
52 57
53 58
54 60
55 56
55 61
58 59
58 66
59 67
62 63
62 70
65 66
66 67
67 68
69 70
69 77
71 72
72 73
73 79
74 75
74 85
79 80
81 82
81 89
82 90
83 84
84 85
84 92
85 93
86 94
87 95
88 96
89 90
90 99
92 93
94 101
97 98
97 104
99 105
100 101
101 108
102 110
103 104
104 111
105 114
106 107
107 115
108 116
109 110
113 114
115 121
116 117
119 120
120 121
120 135
121 122
121 136
122 123
125 126
125 137
126 127
127 128
129 130
130 139
132 133
133 142
134 143
135 136
136 144
139 140
141 150
142 152
144 153
145 146
146 154
147 156
148 149
150 161
152 164
154 155
154 169
155 156
155 170
156 157
156 171
157 158
157 172
158 173
160 161
161 162
161 179
163 164
163 181
164 165
165 166
165 182
166 167
168 183
169 170
170 171
171 172
172 173
173 174
175 176
176 177
178 187
179 189
181 192
183 196
184 185
185 198
186 187
187 188
187 202
188 189
189 203
192 193
192 206
194 195
194 207
195 196
199 200
200 201
202 211
205 213
208 218
211 212
212 221
214 229
216 217
217 218
219 234
221 222
222 223
222 237
223 224
224 238
225 239
226 227
227 240
229 241
230 243
234 235
236 249
239 250
242 243
243 244
243 254
244 245
244 255
246 257
247 261
248 249
248 262
250 266
252 269
253 270
254 255
257 273
258 259
259 260
260 261
260 275
262 277
263 280
265 266
266 282
267 268
267 283
270 271
272 273
272 287
273 274
273 288
274 289
275 291
277 278
277 293
278 294
279 280
280 281
285 302
286 287
287 288
288 289
289 308
290 291
291 292
293 294
294 295
296 315
300 301
300 317
301 318
302 303
302 320
303 304
304 321
306 307
306 322
308 309
308 324
310 311
310 327
311 312
311 328
313 314
314 315
314 332
315 333
317 318
318 319
323 342
326 327
326 345
327 328
329 346
330 331
332 333
334 348
335 336
336 350
338 339
338 358
340 341
341 342
342 360
343 361
345 363
347 348
348 367
349 368
350 351
350 370
351 352
352 353
352 371
353 354
354 372
356 373
357 358
357 375
358 376
359 377
361 378
364 365
368 369
369 382
373 374
374 375
375 376
375 385
376 386
379 391
380 393
385 386
385 403
388 389
389 390
390 391
390 409
391 410
392 411
393 394
393 413
394 414
395 416
396 417
397 398
399 419
400 401
402 420
404 405
405 406
406 407
407 408
409 410
409 429
410 430
411 412
412 413
412 431
413 414
414 415
414 432
415 416
422 439
423 424
424 425
425 440
427 428
428 429
429 430
429 445
433 434
433 452
436 455
437 438
438 439
438 459
440 441
441 461
444 463
446 465
447 466
448 449
449 450
451 452
453 454
453 468
454 455
455 456
455 469
456 457
460 471
461 474
462 463
464 476
465 478
471 472
473 474
474 490
476 477
478 496
479 498
482 503
484 505
485 486
487 488
488 489
489 508
490 491
491 512
492 493
492 514
493 515
495 496
496 497
497 498
498 519
499 500
499 520
501 522
502 503
503 524
504 505
505 527
506 507
508 509
508 532
509 510
509 533
510 534
513 538
514 515
517 518
517 541
521 522
522 544
525 526
528 529
528 546
530 531
532 533
533 534
534 535
535 550
536 551
537 538
537 552
538 553
539 540
540 541
540 556
542 557
544 562
545 564
547 548
552 553
554 555
554 582
556 584
557 558
558 559
558 586
559 587
560 589
561 562
561 590
562 591
563 564
563 592
564 565
565 593
566 567
566 595
568 569
569 598
570 571
570 599
571 600
572 573
572 603
573 604
575 576
576 577
578 579
579 608
581 582
584 585
584 611
586 587
586 613
587 588
589 615
590 591
592 617
593 594
593 618
595 619
596 597
596 620
598 621
599 600
599 622
600 601
601 602
601 623
602 603
602 624
603 604
603 625
606 607
606 628
610 611
612 613
613 640
614 615
615 616
615 642
617 643
621 647
623 624
623 648
624 625
624 649
625 650
626 651
630 631
630 655
631 632
632 656
635 659
637 660
638 639
639 661
640 641
643 665
644 667
646 647
648 649
648 671
649 650
651 652
651 672
652 653
652 673
654 655
654 677
655 678
656 657
656 679
658 659
662 687
663 690
664 665
665 666
666 691
667 668
669 693
672 673
675 676
676 677
676 699
677 678
677 700
680 681
681 701
682 683
682 704
683 684
684 705
685 686
688 689
688 708
689 690
689 709
692 693
692 711
693 694
694 712
695 696
699 700
703 723
705 706
705 725
708 709
709 728
713 714
716 736
720 721
722 723
723 724
726 727
726 741
728 745
730 731
732 748
734 735
736 752
740 741
743 744
744 745
749 750
749 777
750 751
752 753
752 779
753 754
753 780
754 781
755 756
758 786
759 760
761 762
761 787
762 763
764 789
768 769
770 771
770 795
771 772
772 773
772 796
773 774
775 776
775 798
776 777
779 780
779 799
780 781
780 800
781 801
782 803
784 785
784 806
788 789
790 791
790 811
791 812
792 814
793 816
794 795
796 821
797 798
799 800
800 801
801 802
802 803
803 804
803 826
804 827
808 834
810 811
811 812
812 837
813 814
814 838
815 816
815 839
817 818
818 819
818 842
820 821
822 845
824 825
824 849
826 827
827 854
828 829
829 855
831 832
833 834
833 864
834 865
837 869
838 870
839 872
840 841
841 873
843 874
844 845
845 846
845 880
846 847
846 881
848 849
848 884
850 851
850 886
851 852
856 857
856 889
857 858
859 860
860 861
860 892
861 862
861 893
862 894
863 864
863 899
864 865
864 900
865 866
865 901
867 868
867 903
868 869
870 871
870 905
871 872
872 906
874 875
875 876
876 908
877 878
878 879
880 881
880 910
881 911
882 883
883 913
884 914
885 886
887 888
889 918
891 921
892 893
893 894
893 923
894 895
894 924
895 896
896 897
897 898
897 925
898 899
899 900
900 901
906 929
908 931
909 936
910 911
911 912
912 937
914 939
915 940
916 941
917 946
920 921
920 949
923 924
924 950
926 952
930 931
931 932
932 933
933 934
934 935
935 936
937 938
937 958
938 959
941 942
941 962
942 943
943 944
943 963
944 945
945 946
946 964
948 965
953 954
953 978
954 979
955 956
957 987
958 959
958 990
959 991
961 962
962 994
966 967
969 970
969 1002
970 1003
972 973
974 975
975 976
976 977
977 978
978 979
978 1008
981 982
982 1010
983 984
984 1012
985 1014
986 1015
987 988
987 1017
988 989
989 990
990 991
991 992
991 1018
993 1021
994 1023
996 997
999 1029
1000 1001
1001 1002
1001 1030
1002 1003
1002 1031
1003 1032
1004 1034
1006 1007
1007 1036
1012 1013
1013 1014
1013 1043
1014 1044
1015 1016
1015 1046
1016 1017
1018 1048
1020 1021
1020 1049
1021 1022
1022 1050
1023 1024
1023 1052
1025 1055
1027 1028
1030 1031
1031 1032
1032 1033
1032 1060
1033 1034
1035 1063
1036 1065
1037 1038
1038 1039
1040 1041
1040 1068
1041 1069
1042 1071
1043 1044
1044 1045
1045 1046
1045 1074
1046 1075
1047 1048
1047 1078
1050 1051
1050 1080
1051 1052
1052 1081
1053 1054
1053 1082
1054 1055
1054 1083
1055 1056
1055 1084
1056 1057
1056 1085
1057 1086
1060 1091
1061 1062
1063 1064
1066 1067
1066 1093
1068 1069
1069 1070
1072 1073
1072 1098
1074 1075
1074 1099
1075 1100
1076 1077
1077 1102
1079 1105
1082 1083
1083 1084
1083 1108
1084 1085
1085 1086
1088 1089
1089 1090
1090 1111
1091 1092
1091 1113
1093 1116
1094 1095
1095 1117
1097 1121
1099 1100
1100 1101
1103 1104
1104 1105
1105 1125
1108 1128
1109 1131
1111 1134
1114 1115
1114 1140
1115 1141
1118 1119
1119 1148
1121 1122
1123 1152
1125 1156
1127 1128
1128 1159
1131 1132
1136 1166
1137 1138
1138 1171
1140 1141
1141 1142
1142 1143
1142 1173
1143 1144
1143 1174
1145 1177
1148 1149
1148 1183
1149 1184
1150 1186
1151 1152
1154 1193
1155 1156
1155 1195
1156 1157
1156 1196
1157 1197
1158 1199
1159 1160
1159 1203
1160 1161
1163 1205
1164 1206
1166 1167
1166 1210
1168 1169
1168 1212
1169 1170
1172 1214
1173 1174
1175 1176
1176 1177
1176 1216
1178 1179
1179 1180
1179 1218
1180 1219
1182 1183
1183 1184
1184 1185
1184 1220
1185 1186
1186 1187
1187 1188
1187 1221
1189 1190
1189 1224
1191 1192
1192 1193
1192 1225
1193 1194
1194 1195
1195 1196
1196 1197
1196 1226
1197 1227
1198 1199
1199 1200
1199 1228
1200 1201
1201 1202
1201 1229
1205 1234
1206 1207
1206 1236
1207 1237
1209 1239
1210 1241
1212 1243
1213 1214
1214 1215
1214 1245
1217 1249
1218 1219
1219 1251
1221 1256
1222 1257
1226 1227
1233 1234
1233 1267
1234 1268
1235 1236
1236 1237
1237 1238
1238 1269
1239 1240
1240 1241
1241 1242
1242 1271
1243 1273
1246 1277
1247 1248
1248 1249
1249 1250
1250 1278
1251 1252
1252 1253
1253 1254
1253 1279
1254 1255
1254 1280
1256 1284
1258 1287
1259 1289
1260 1261
1261 1262
1262 1292
1265 1266
1266 1267
1267 1268
1268 1295
1271 1272
1277 1306
1278 1309
1279 1280
1281 1282
1281 1313
1284 1314
1285 1286
1285 1318
1286 1287
1287 1319
1288 1289
1288 1322
1289 1290
1290 1291
1290 1323
1293 1324
1295 1327
1298 1299
1299 1328
1300 1301
1302 1334
1303 1335
1307 1308
1308 1341
1309 1342
1310 1311
1310 1343
1311 1344
1312 1313
1312 1345
1313 1346
1314 1349
1315 1316
1315 1350
1317 1318
1317 1352
1319 1320
1320 1321
1320 1354
1321 1322
1322 1355
1323 1357
1324 1325
1327 1368
1328 1370
1329 1330
1330 1331
1331 1332
1332 1333
1335 1375
1336 1376
1339 1379
1343 1344
1345 1346
1345 1382
1346 1383
1347 1348
1347 1385
1348 1349
1348 1386
1351 1352
1355 1356
1355 1387
1356 1357
1357 1358
1357 1388
1358 1359
1359 1360
1360 1361
1361 1362
1361 1389
1362 1363
1364 1365
1366 1391
1369 1393
1370 1371
1370 1396
1371 1372
1372 1397
1374 1401
1376 1377
1376 1404
1382 1383
1382 1412
1383 1384
1384 1413
1385 1386
1385 1414
1388 1419
1390 1423
1392 1393
1392 1429
1393 1394
1393 1430
1394 1395
1395 1431
1397 1398
1399 1434
1401 1402
1403 1404
1403 1438
1405 1440
1407 1442
1408 1409
1409 1410
1415 1416
1415 1446
1417 1447
1420 1452
1421 1453
1422 1423
1423 1454
1424 1425
1425 1456
1426 1427
1426 1458
1428 1429
1428 1459
1429 1430
1431 1432
1431 1460
1432 1461
1433 1434
1435 1464
1436 1466
1437 1438
1437 1471
1438 1472
1439 1440
1439 1474
1440 1441
1440 1475
1445 1482
1446 1483
1447 1485
1448 1486
1450 1489
1451 1452
1451 1492
1452 1493
1454 1496
1456 1498
1457 1458
1457 1499
1459 1500
1460 1461
1460 1501
1463 1464
1463 1503
1464 1504
1465 1505
1466 1467
1467 1468
1467 1506
1468 1469
1471 1472
1471 1508
1472 1473
1472 1509
1473 1474
1473 1510
1474 1475
1475 1511
1476 1477
1478 1479
1479 1514
1481 1516
1482 1518
1483 1484
1485 1520
1486 1487
1487 1522
1488 1524
1489 1490
1491 1492
1491 1526
1492 1493
1493 1527
1494 1495
1495 1496
1496 1497
1496 1528
1499 1531
1501 1538
1503 1504
1508 1509
1509 1510
1511 1512
1516 1544
1518 1519
1520 1521
1520 1549
1523 1524
1524 1525
1524 1553
1528 1558
1530 1531
1530 1560
1531 1532
1532 1533
1533 1534
1533 1561
1535 1536
1536 1537
1536 1562
1537 1538
1539 1564
1541 1570
1542 1572
1544 1545
1544 1576
1546 1580
1548 1549
1551 1552
1552 1583
1556 1585
1557 1586
1559 1560
1560 1592
1561 1594
1562 1596
1563 1564
1565 1601
1567 1568
1568 1603
1569 1606
1570 1571
1574 1575
1575 1610
1578 1579
1579 1580
1579 1614
1580 1581
1580 1615
1583 1620
1584 1623
1586 1587
1587 1588
1589 1590
1590 1591
1592 1593
1594 1625
1595 1627
1596 1597
1598 1599
1601 1602
1601 1633
1603 1604
1603 1635
1604 1605
1604 1636
1605 1606
1605 1637
1606 1607
1609 1643
1611 1646
1613 1647
1614 1615
1616 1617
1618 1619
1619 1620
1620 1621
1623 1651
1625 1626
1625 1658
1626 1627
1626 1659
1628 1629
1628 1663
1631 1666
1632 1633
1634 1667
1635 1636
1636 1637
1638 1639
1639 1672
1640 1674
1643 1644
1643 1677
1645 1646
1645 1679
1649 1685
1652 1653
1653 1654
1654 1693
1655 1656
1655 1694
1657 1696
1658 1659
1659 1697
1660 1661
1661 1662
1661 1698
1662 1663
1667 1668
1668 1701
1669 1702
1670 1671
1670 1705
1671 1706
1673 1674
1673 1710
1675 1711
1676 1677
1678 1679
1679 1714
1682 1719
1683 1684
1684 1720
1688 1689
1688 1722
1691 1692
1693 1725
1694 1726
1696 1727
1703 1704
1704 1705
1705 1706
1705 1735
1706 1707
1708 1709
1709 1710
1711 1712
1714 1715
1714 1742
1717 1744
1718 1719
1719 1746
1721 1750
1722 1753
1724 1725
1724 1759
1725 1760
1726 1761
1727 1728
1730 1768
1734 1769
1736 1775
1737 1777
1738 1739
1738 1778
1739 1740
1740 1779
1741 1780
1742 1786
1746 1789
1747 1790
1748 1749
1749 1750
1749 1791
1750 1751
1750 1792
1755 1756
1757 1758
1758 1759
1759 1760
1760 1797
1762 1802
1763 1764
1764 1765
1768 1805
1769 1770
1772 1773
1772 1809
1775 1776
1775 1812
1776 1813
1778 1817
1780 1781
1781 1782
1782 1783
1782 1820
1783 1784
1783 1821
1784 1785
1785 1786
1786 1822
1788 1789
1789 1824
1790 1825
1791 1792
1791 1826
1797 1798
1797 1832
1799 1800
1800 1801
1800 1833
1801 1802
1801 1834
1803 1804
1803 1836
1805 1838
1807 1808
1808 1840
1810 1811
1811 1850
1812 1813
1812 1852
1813 1814
1813 1853
1814 1854
1816 1817
1816 1855
1817 1818
1817 1856
1820 1821
1822 1860
1823 1861
1824 1864
1825 1866
1826 1868
1827 1869
1828 1829
1828 1873
1829 1874
1830 1831
1830 1876
1832 1878
1833 1834
1833 1879
1835 1880
1836 1882
1837 1885
1840 1841
1841 1842
1841 1889
1842 1843
1842 1890
1843 1844
1844 1845
1845 1846
1845 1891
1846 1847
1846 1892
1847 1893
1848 1849
1848 1895
1850 1851
1850 1897
1852 1853
1853 1854
1855 1856
1857 1901
1858 1859
1859 1860
1860 1902
1862 1905
1865 1866
1865 1908
1867 1909
1869 1911
1870 1871
1872 1873
1872 1912
1873 1874
1873 1913
1874 1875
1875 1876
1877 1878
1877 1914
1881 1882
1883 1884
1884 1885
1885 1886
1887 1919
1889 1890
1889 1921
1891 1892
1891 1922
1892 1893
1892 1923
1894 1895
1894 1925
1898 1899
1898 1929
1899 1930
1902 1903
1904 1905
1904 1938
1906 1907
1908 1943
1909 1944
1910 1911
1911 1948
1912 1913
1915 1916
1917 1953
1919 1955
1920 1921
1921 1959
1922 1923
1922 1960
1924 1925
1926 1927
1926 1965
1928 1929
1928 1966
1929 1930
1930 1931
1931 1932
1931 1967
1932 1968
1933 1934
1934 1971
1935 1936
1935 1973
1936 1937
1939 1940
1941 1942
1942 1943
1943 1978
1944 1945
1944 1979
1945 1946
1945 1980
1946 1981
1947 1983
1948 1949
1954 1991
1955 1956
1956 1957
1957 1958
1958 1994
1962 1963
1963 1997
1967 1968
1969 1970
1971 1972
1974 1975
1979 1980
1980 1981
1981 1982
1982 1983
1988 1989
1991 1992
1995 1996
1997 1998
2000 2001
