2006
0 1
0 2
4 5
7 8
8 9
8 12
11 13
12 14
16 17
18 19
20 21
20 23
24 32
25 26
27 28
29 30
30 31
31 32
32 33
33 35
37 38
38 39
38 42
40 44
43 44
45 46
46 54
48 57
50 51
51 52
52 53
52 59
54 55
54 61
56 57
57 62
58 66
60 61
60 68
62 63
62 70
63 71
64 65
65 72
66 73
67 68
70 71
70 79
73 74
74 75
76 85
77 78
77 86
78 79
79 87
80 81
80 88
81 89
88 89
88 96
89 90
89 97
91 99
93 94
94 102
95 104
96 97
96 108
97 109
98 99
98 111
99 100
99 112
102 103
102 113
103 114
105 106
105 115
106 107
107 108
107 116
108 109
108 117
109 118
110 111
111 112
113 114
114 123
116 117
116 127
117 118
123 124
123 130
124 125
125 131
126 133
131 132
131 145
132 133
132 146
135 136
136 147
137 138
137 148
139 140
139 152
140 141
141 153
144 145
145 146
145 158
148 161
149 150
149 162
150 151
150 163
156 157
158 166
161 169
162 163
164 171
165 174
168 179
171 172
173 174
175 182
176 177
178 185
182 183
183 184
183 194
185 197
186 199
191 192
192 202
193 205
195 196
196 197
196 209
197 198
197 210
198 199
198 211
199 212
200 213
202 203
202 220
203 221
204 205
204 222
205 206
205 223
207 208
207 226
209 210
209 228
210 211
210 229
211 212
213 214
213 232
214 215
215 233
216 217
217 235
218 219
219 237
220 221
220 239
222 223
224 225
225 226
225 241
227 228
228 229
230 231
231 232
233 234
235 245
237 238
241 254
243 258
244 245
244 260
245 246
247 261
248 249
248 262
249 250
251 252
252 264
256 268
257 270
258 259
258 271
263 276
265 279
266 267
268 283
271 284
274 291
275 276
276 277
279 280
280 295
281 282
282 298
284 285
284 304
287 306
288 289
289 290
290 291
290 307
291 292
293 309
295 296
295 316
296 297
296 317
300 319
301 302
301 321
303 304
307 324
308 309
309 310
310 311
311 312
311 326
312 327
313 328
314 329
315 330
316 317
317 332
320 321
323 324
324 339
325 341
326 327
327 344
328 345
329 347
330 331
330 348
332 333
336 355
339 340
340 341
342 343
349 350
349 364
351 366
352 368
354 355
354 369
356 371
357 376
358 378
359 379
360 361
361 362
362 363
362 384
364 385
365 366
366 386
367 368
368 387
371 372
371 391
373 374
374 375
374 392
376 377
378 396
379 380
380 397
381 382
383 399
390 391
393 394
393 408
394 409
395 396
396 412
397 398
399 400
399 417
403 420
404 421
408 409
409 410
409 425
410 411
411 426
413 429
414 415
417 433
419 420
422 442
425 446
426 427
426 447
427 448
428 429
429 430
429 449
430 450
432 433
433 434
435 452
436 454
440 441
443 457
444 445
444 460
445 446
446 461
447 448
447 462
448 463
449 450
450 451
450 464
453 454
457 458
458 459
461 481
462 463
462 482
467 488
468 469
469 490
470 471
471 472
472 494
473 495
474 475
475 476
475 496
480 481
481 497
482 498
483 500
486 487
486 501
488 489
488 503
490 491
491 492
492 493
496 506
497 512
498 499
499 514
500 515
504 528
506 507
507 508
507 531
508 532
510 511
510 534
511 535
512 513
512 538
514 540
516 517
517 518
519 544
520 545
521 522
522 546
523 524
524 525
525 549
526 527
526 551
527 552
529 530
531 532
531 557
532 533
532 558
533 559
534 535
535 536
535 561
536 562
537 538
538 564
539 540
540 566
541 542
541 568
546 547
549 550
549 576
550 551
550 577
551 552
554 555
554 581
555 556
555 582
556 557
557 558
558 559
561 562
562 585
564 565
564 587
565 588
566 567
569 591
572 573
573 595
574 575
575 576
575 597
576 577
579 580
580 581
580 600
581 582
583 584
584 603
585 586
587 588
588 607
589 608
590 591
596 615
597 617
598 599
600 621
603 604
603 625
605 606
607 627
608 609
608 629
610 631
612 613
613 614
615 616
615 637
616 617
617 638
619 620
621 622
621 641
622 623
622 642
624 644
628 629
628 651
631 632
632 633
633 652
634 635
634 653
635 654
640 659
641 642
643 644
645 664
646 647
647 665
648 649
648 666
649 667
650 651
650 671
653 654
657 684
660 661
662 663
663 664
663 688
665 691
666 667
666 693
667 668
667 694
668 669
669 695
671 697
672 673
672 699
674 675
675 676
677 678
678 679
679 680
679 705
680 681
682 707
683 684
686 687
689 690
690 691
691 692
691 712
692 693
693 694
693 713
696 697
696 716
697 698
698 699
698 717
701 702
701 720
702 703
702 721
703 704
703 722
704 723
706 730
707 733
708 709
708 737
709 738
712 742
715 716
715 744
720 721
720 746
721 722
722 723
723 724
724 725
724 747
725 726
728 729
729 730
729 749
730 731
730 750
732 733
732 752
733 734
733 753
734 735
734 754
735 736
737 738
738 755
741 742
742 760
748 771
749 750
750 775
752 753
753 754
753 778
755 756
755 781
757 758
758 785
760 761
760 790
761 791
762 763
765 766
765 795
768 769
769 770
770 798
771 801
772 773
773 774
775 776
775 803
776 804
777 805
779 780
779 808
780 781
780 809
783 784
783 813
785 786
786 815
787 816
789 790
789 818
790 791
790 819
792 820
794 795
796 827
797 828
798 831
799 800
800 801
800 833
802 803
802 836
803 804
803 837
805 839
807 808
807 841
808 809
809 842
810 843
811 812
811 844
812 813
812 845
818 819
820 821
820 851
821 822
822 852
823 824
823 853
824 825
826 827
826 856
828 829
828 857
829 830
830 831
830 858
831 832
835 861
836 837
836 862
838 839
840 841
842 866
844 845
846 869
848 849
852 873
854 877
855 856
855 879
856 880
859 884
860 861
865 866
865 890
866 867
867 891
868 869
869 893
871 898
872 873
872 901
873 874
876 877
876 905
878 879
878 906
879 880
880 881
880 907
883 884
885 914
887 888
888 889
888 920
889 890
891 922
892 924
893 927
894 928
895 930
896 897
897 932
899 900
899 933
900 934
902 903
904 905
904 937
907 938
908 940
909 910
909 943
910 911
911 912
913 914
913 945
914 946
916 917
916 949
917 918
918 950
919 951
921 922
921 952
922 923
923 924
925 926
926 954
927 956
928 929
929 930
930 931
930 958
933 934
934 961
935 963
936 937
939 940
941 942
942 943
942 967
943 968
944 945
944 971
945 946
945 972
947 948
948 949
951 975
952 979
953 982
954 955
955 956
955 983
956 957
958 985
959 988
960 989
962 963
962 991
964 998
966 1001
967 968
969 970
969 1003
970 971
970 1004
971 972
972 1005
974 1007
975 976
976 977
977 978
979 980
979 1011
981 982
983 1013
984 985
985 986
986 987
987 988
988 1014
989 990
990 1016
992 993
992 1018
994 995
994 1021
995 1022
996 997
998 1026
999 1000
999 1028
1001 1030
1002 1003
1003 1004
1004 1031
1005 1032
1006 1007
1008 1009
1008 1035
1009 1036
1011 1040
1013 1043
1015 1046
1017 1047
1019 1020
1020 1021
1021 1022
1024 1025
1025 1026
1026 1027
1027 1028
1027 1049
1029 1051
1030 1053
1031 1055
1032 1033
1035 1036
1035 1060
1039 1061
1040 1041
1042 1043
1042 1064
1043 1044
1043 1065
1049 1078
1050 1051
1051 1052
1052 1053
1052 1079
1057 1058
1060 1083
1061 1087
1063 1089
1064 1065
1065 1091
1066 1067
1067 1068
1068 1093
1070 1071
1071 1072
1073 1074
1077 1098
1081 1105
1084 1110
1086 1087
1087 1113
1089 1090
1090 1116
1091 1092
1091 1117
1092 1118
1093 1094
1093 1121
1095 1126
1096 1130
1097 1131
1098 1132
1100 1101
1103 1135
1104 1137
1105 1106
1106 1107
1106 1138
1107 1139
1109 1144
1110 1146
1111 1112
1111 1149
1112 1150
1113 1152
1115 1155
1117 1118
1118 1156
1119 1120
1119 1157
1120 1158
1121 1159
1122 1123
1122 1160
1123 1124
1126 1127
1128 1129
1129 1130
1129 1162
1130 1163
1135 1136
1135 1169
1136 1170
1137 1173
1138 1139
1139 1140
1140 1141
1142 1143
1144 1145
1144 1175
1145 1146
1146 1147
1146 1176
1147 1177
1149 1150
1149 1178
1150 1151
1150 1179
1151 1152
1153 1154
1153 1182
1154 1155
1155 1183
1156 1184
1157 1158
1157 1185
1159 1187
1162 1163
1162 1195
1165 1166
1166 1167
1168 1169
1168 1201
1169 1170
1169 1202
1170 1171
1170 1203
1171 1172
1172 1173
1176 1177
1178 1179
1179 1212
1180 1181
1180 1215
1181 1216
1182 1218
1184 1221
1185 1222
1190 1191
1190 1224
1191 1192
1193 1225
1194 1195
1198 1231
1199 1200
1200 1232
1201 1202
1202 1203
1204 1205
1205 1206
1205 1238
1210 1211
1212 1213
1213 1214
1213 1243
1214 1215
1215 1216
1215 1244
1216 1217
1216 1245
1217 1218
1218 1219
1218 1246
1222 1223
1223 1249
1226 1254
1227 1228
1227 1256
1230 1231
1232 1258
1233 1234
1233 1261
1234 1235
1239 1240
1239 1265
1243 1271
1244 1245
1247 1274
1249 1277
1250 1278
1252 1282
1253 1254
1254 1255
1255 1256
1256 1284
1257 1258
1257 1286
1259 1288
1263 1264
1264 1297
1266 1267
1266 1300
1267 1301
1268 1269
1268 1302
1270 1304
1271 1307
1273 1312
1274 1313
1276 1277
1279 1315
1280 1318
1281 1282
1282 1283
1283 1320
1284 1285
1286 1323
1287 1288
1289 1325
1290 1327
1291 1292
1293 1294
1293 1328
1296 1329
1297 1298
1299 1300
1300 1301
1303 1304
1303 1332
1304 1305
1305 1333
1306 1334
1307 1336
1308 1309
1308 1337
1309 1310
1311 1312
1311 1339
1313 1340
1314 1344
1315 1316
1317 1318
1317 1347
1318 1319
1319 1348
1321 1350
1322 1352
1323 1324
1325 1326
1326 1327
1328 1357
1329 1359
1331 1363
1332 1364
1333 1365
1334 1335
1334 1367
1335 1336
1338 1339
1338 1368
1340 1341
1343 1344
1344 1373
1345 1375
1348 1377
1349 1378
1350 1380
1351 1352
1352 1382
1353 1354
1354 1355
1354 1385
1355 1356
1356 1357
1356 1386
1363 1393
1364 1394
1365 1366
1368 1400
1369 1401
1370 1402
1371 1372
1371 1404
1372 1405
1376 1408
1378 1379
1378 1411
1379 1380
1380 1381
1383 1414
1384 1418
1386 1421
1388 1423
1393 1427
1394 1428
1397 1398
1398 1399
1399 1400
1399 1434
1400 1435
1402 1403
1403 1404
1403 1439
1404 1405
1404 1440
1405 1441
1407 1446
1408 1409
1409 1410
1409 1448
1410 1449
1412 1413
1413 1454
1414 1415
1414 1456
1415 1416
1416 1417
1417 1418
1419 1457
1420 1421
1420 1460
1422 1423
1423 1424
1424 1463
1425 1465
1427 1468
1428 1429
1428 1469
1430 1472
1432 1433
1433 1474
1434 1435
1435 1436
1435 1476
1436 1437
1438 1477
1439 1440
1440 1441
1441 1442
1441 1478
1442 1443
1443 1479
1445 1446
1445 1480
1446 1481
1447 1483
1448 1449
1448 1485
1451 1452
1452 1487
1454 1455
1454 1490
1455 1456
1457 1458
1459 1460
1461 1462
1461 1494
1462 1495
1465 1466
1466 1467
1466 1498
1470 1471
1471 1472
1475 1504
1476 1506
1479 1510
1480 1481
1480 1512
1481 1482
1482 1483
1483 1484
1484 1485
1484 1513
1485 1514
1487 1488
1487 1516
1493 1521
1494 1495
1495 1525
1498 1527
1500 1501
1501 1530
1503 1504
1504 1505
1505 1506
1506 1536
1508 1509
1509 1538
1510 1511
1510 1540
1512 1541
1513 1514
1514 1544
1517 1518
1517 1548
1518 1549
1519 1550
1520 1521
1520 1553
1522 1523
1523 1554
1524 1556
1526 1557
1527 1559
1528 1529
1528 1560
1529 1561
1530 1531
1530 1562
1533 1564
1534 1567
1537 1574
1539 1576
1541 1542
1542 1543
1546 1583
1548 1549
1549 1584
1550 1551
1551 1552
1552 1553
1552 1585
1553 1586
1554 1555
1555 1589
1557 1592
1558 1594
1560 1561
1560 1595
1561 1596
1564 1565
1564 1601
1566 1567
1566 1602
1570 1571
1571 1572
1571 1605
1572 1573
1573 1574
1574 1575
1574 1606
1576 1607
1577 1578
1579 1612
1580 1613
1582 1616
1585 1586
1585 1619
1587 1588
1589 1590
1589 1620
1592 1593
1595 1596
1596 1597
1599 1631
1600 1601
1600 1632
1602 1636
1603 1639
1605 1641
1607 1608
1607 1645
1608 1646
1609 1648
1610 1611
1613 1614
1615 1616
1618 1619
1619 1660
1621 1622
1623 1670
1625 1626
1627 1628
1628 1629
1628 1673
1629 1630
1629 1674
1630 1675
1633 1634
1633 1677
1634 1635
1634 1678
1636 1637
1637 1638
1637 1679
1638 1639
1638 1680
1639 1640
1641 1642
1641 1684
1642 1685
1644 1645
1644 1688
1645 1646
1646 1647
1647 1648
1649 1650
1651 1652
1652 1692
1654 1655
1655 1694
1656 1657
1657 1698
1658 1659
1661 1701
1662 1663
1662 1703
1664 1665
1664 1704
1665 1666
1666 1667
1666 1705
1667 1706
1668 1669
1669 1708
1671 1709
1672 1712
1673 1674
1673 1713
1674 1675
1674 1714
1677 1678
1679 1680
1681 1682
1682 1719
1683 1684
1683 1720
1684 1685
1684 1721
1685 1686
1687 1688
1689 1690
1689 1725
1692 1693
1694 1695
1695 1696
1695 1730
1696 1697
1696 1731
1697 1732
1698 1699
1700 1701
1700 1736
1701 1702
1701 1737
1702 1703
1704 1738
1705 1706
1705 1740
1706 1707
1708 1743
1710 1711
1710 1746
1713 1714
1717 1751
1718 1752
1720 1721
1723 1724
1723 1756
1724 1725
1726 1759
1727 1728
1730 1731
1731 1732
1733 1734
1733 1763
1734 1735
1735 1736
1735 1764
1736 1737
1738 1739
1739 1740
1740 1766
1741 1742
1742 1743
1742 1768
1743 1769
1747 1772
1749 1774
1750 1751
1753 1754
1757 1758
1761 1787
1764 1790
1765 1791
1768 1769
1769 1770
1771 1796
1773 1774
1773 1800
1776 1777
1777 1809
1779 1780
1780 1812
1782 1783
1782 1818
1783 1784
1784 1819
1786 1787
1786 1822
1787 1788
1787 1823
1792 1793
1792 1829
1793 1830
1794 1832
1797 1839
1802 1843
1803 1804
1805 1844
1806 1848
1809 1850
1810 1852
1812 1813
1813 1814
1814 1855
1816 1817
1819 1860
1820 1821
1822 1823
1822 1864
1826 1827
1828 1868
1829 1830
1831 1869
1832 1870
1834 1835
1835 1836
1838 1872
1841 1878
1842 1879
1843 1881
1844 1845
1844 1883
1847 1848
1847 1885
1850 1851
1850 1888
1851 1852
1854 1891
1855 1856
1856 1893
1858 1859
1860 1897
1862 1863
1863 1864
1864 1900
1866 1867
1866 1903
1876 1877
1876 1913
1877 1878
1878 1914
1879 1880
1879 1916
1880 1881
1880 1917
1881 1918
1882 1919
1884 1922
1886 1925
1887 1888
1887 1927
1889 1929
1893 1932
1894 1895
1894 1934
1896 1897
1897 1898
1899 1936
1902 1903
1902 1937
1904 1905
1904 1939
1906 1907
1907 1943
1910 1947
1911 1912
1912 1951
1913 1954
1914 1915
1915 1916
1916 1917
1916 1955
1917 1918
1919 1920
1919 1956
1922 1923
1923 1959
1924 1925
1924 1960
1930 1931
1932 1933
1932 1964
1933 1965
1935 1969
1937 1973
1938 1975
1940 1979
1941 1942
1942 1980
1943 1944
1943 1981
1944 1982
1946 1986
1947 1948
1947 1988
1948 1989
1950 1991
1951 1993
1952 1995
1953 1954
1954 1998
1955 2000
1956 2002
1959 2005
1962 1963
1964 1965
1965 1966
1968 1969
1972 1973
1974 1975
1975 1976
1977 1978
1978 1979
1981 1982
1984 1985
1985 1986
1986 1987
1987 1988
1988 1989
1991 1992
1992 1993
1993 1994
1994 1995
1995 1996
1996 1997
1998 1999
2002 2003
2003 2004
