1991
0 1
2 3
2 6
3 4
4 5
7 8
8 9
8 11
9 12
10 14
11 12
11 18
12 13
13 14
14 15
15 16
15 19
17 18
17 20
18 21
20 21
23 24
25 29
27 33
28 35
29 30
30 31
32 33
32 37
35 36
35 40
40 44
41 42
41 46
42 47
43 49
44 45
44 52
46 47
47 48
49 50
49 55
51 56
52 57
53 59
55 63
57 65
59 60
59 66
60 61
61 67
62 68
63 64
63 70
67 78
69 70
69 80
71 72
73 74
73 81
75 76
77 78
78 83
79 80
80 84
81 89
83 93
84 85
84 94
85 86
85 95
87 88
87 96
88 89
88 97
89 90
92 101
93 103
94 95
94 106
96 97
96 107
97 108
98 109
100 110
102 103
102 112
103 104
105 106
107 108
108 115
109 116
111 112
111 120
112 121
113 123
115 127
117 130
118 119
118 132
120 121
120 134
121 122
123 124
126 127
126 136
127 128
127 137
128 129
132 141
133 134
135 145
136 137
136 148
138 139
139 149
141 142
142 154
145 156
146 147
147 148
148 157
149 150
149 159
150 151
150 160
151 161
152 153
152 162
154 155
155 166
158 170
159 160
160 161
160 173
163 175
164 165
170 171
171 172
173 182
174 175
174 186
176 187
179 193
180 181
181 194
182 183
183 184
183 195
184 185
185 186
186 196
187 188
187 197
189 190
189 198
190 199
193 204
195 208
196 211
198 199
198 213
199 200
200 214
202 203
203 204
203 217
204 205
205 218
206 207
207 208
207 220
208 209
208 221
209 210
209 222
210 211
210 223
211 224
212 225
214 215
216 233
217 235
218 219
218 237
220 221
221 222
222 223
222 239
223 224
225 226
225 240
226 241
227 228
227 242
229 243
230 231
233 234
234 235
235 236
235 244
236 237
236 245
238 249
240 241
240 254
244 245
246 247
247 248
248 249
248 264
249 250
250 251
252 253
252 265
253 254
254 266
256 269
257 271
258 259
259 273
260 261
261 275
262 278
264 280
266 282
267 284
269 270
269 287
270 288
272 289
273 274
273 292
275 276
276 277
276 293
277 278
278 294
279 280
279 295
281 296
282 283
283 298
284 285
285 300
286 287
287 288
288 302
289 290
290 307
291 292
292 309
293 312
294 314
295 316
298 299
300 301
302 303
303 304
303 325
305 306
307 308
308 327
309 310
311 312
312 313
313 314
313 330
315 316
315 332
316 317
317 318
319 320
319 334
320 335
321 322
321 337
323 324
323 340
331 349
332 351
333 334
334 335
336 337
337 355
339 340
340 357
341 342
341 359
342 360
343 344
344 361
346 347
348 349
349 350
350 351
351 352
352 353
352 365
353 354
353 366
357 358
359 360
359 373
361 374
362 363
362 375
365 366
365 381
368 382
369 384
370 386
371 388
372 390
376 394
377 396
378 397
379 380
382 383
383 384
383 400
384 385
385 401
386 387
386 402
387 388
391 405
392 407
394 395
395 396
397 398
397 412
398 413
399 417
400 419
403 423
404 424
405 426
407 408
407 428
410 411
411 430
412 413
412 433
413 434
415 416
416 437
417 418
418 419
420 440
422 423
423 442
424 443
425 426
430 446
431 432
431 448
432 433
433 434
433 449
434 435
434 450
435 451
437 438
441 459
444 462
445 446
445 469
447 448
449 450
449 470
450 451
451 471
456 457
457 458
457 475
458 459
458 476
461 462
462 463
463 464
464 465
468 469
468 485
469 486
471 472
473 493
475 476
475 495
477 478
478 479
478 496
480 481
480 498
482 483
483 501
484 485
485 486
485 503
486 487
487 488
487 504
490 507
491 492
491 509
492 493
493 510
494 495
497 498
503 516
504 517
509 520
514 530
515 533
518 539
519 520
521 522
521 540
524 541
525 526
526 527
526 543
531 546
532 549
533 534
535 554
536 537
536 556
537 538
537 557
539 558
540 562
541 542
542 564
545 546
546 547
547 548
548 549
549 550
551 552
552 553
553 554
554 555
554 574
555 575
556 557
557 576
558 559
559 579
563 584
564 586
566 567
566 589
567 568
567 590
568 591
569 592
572 594
573 595
574 575
575 599
576 577
577 578
578 602
579 580
582 604
583 584
584 605
586 587
589 590
590 591
592 593
592 610
595 596
595 615
596 597
597 598
597 616
598 617
599 600
600 601
602 620
603 604
603 622
605 625
606 607
608 630
609 633
611 637
612 639
613 641
614 615
616 617
616 642
618 619
619 620
619 644
620 645
621 622
624 625
625 649
626 650
627 651
628 629
628 654
630 631
630 656
631 632
631 657
633 634
633 659
635 636
635 660
636 661
637 664
638 639
640 641
641 667
643 673
644 645
645 646
647 648
649 676
651 652
652 653
653 677
655 656
655 679
656 657
656 680
658 659
660 661
660 681
661 662
661 682
662 663
663 664
664 665
668 669
669 670
670 671
670 686
671 672
671 687
673 674
673 690
675 693
676 695
678 679
678 700
679 680
679 701
681 682
682 705
683 706
684 685
684 708
685 709
686 687
688 689
689 713
690 715
693 694
694 720
696 697
697 698
698 723
700 701
703 704
706 707
708 709
709 710
709 731
711 733
712 736
713 714
714 715
717 718
717 739
719 741
720 721
721 743
726 727
732 754
734 735
735 736
735 756
736 737
736 757
739 763
740 741
741 742
743 744
743 766
744 767
745 746
747 772
748 749
748 774
750 775
751 752
751 777
753 779
754 755
756 757
756 783
757 784
759 760
760 761
761 787
762 763
763 764
763 788
765 766
766 767
766 790
767 768
767 791
769 792
770 796
771 797
772 773
773 774
775 776
776 777
776 799
778 779
778 801
779 802
781 782
782 783
783 784
784 785
786 811
788 814
790 791
791 818
793 821
794 795
797 798
797 824
799 827
800 801
801 802
802 803
803 828
804 805
804 829
805 806
809 810
810 811
810 835
811 812
812 813
814 815
814 837
815 838
818 819
819 839
820 821
821 822
821 843
823 824
823 846
825 826
826 850
829 854
831 832
832 856
837 838
837 862
839 840
841 842
843 866
844 845
847 848
847 869
850 851
851 870
852 853
852 871
854 875
856 857
857 858
857 880
859 882
860 861
863 864
864 885
865 888
866 891
867 868
867 893
869 896
872 898
873 874
873 899
874 875
875 900
876 877
879 904
880 905
881 882
881 906
882 907
883 884
883 914
887 888
889 890
889 917
890 891
890 918
894 895
894 921
895 896
895 922
897 926
899 929
900 901
900 930
903 934
906 907
907 936
908 909
910 911
912 913
913 914
914 939
917 918
917 945
921 922
921 950
922 951
923 924
923 952
925 926
925 954
926 927
928 956
931 957
932 933
932 958
934 935
934 959
937 967
939 940
941 970
946 973
947 974
948 949
949 950
950 951
952 976
953 954
955 956
961 962
963 964
963 987
965 989
966 967
972 995
973 998
974 999
975 976
975 1003
976 1004
977 1008
978 979
981 982
981 1010
982 1011
983 984
984 985
984 1013
986 1014
988 1017
989 990
989 1018
991 992
991 1019
993 994
994 1021
996 997
999 1027
1000 1001
1000 1029
1001 1030
1002 1003
1003 1004
1003 1033
1004 1005
1005 1006
1005 1034
1008 1009
1008 1038
1010 1011
1011 1012
1011 1041
1012 1042
1014 1015
1015 1043
1016 1046
1020 1050
1026 1027
1028 1029
1029 1030
1030 1031
1031 1032
1036 1037
1036 1059
1039 1061
1040 1064
1041 1042
1043 1044
1045 1046
1045 1070
1047 1048
1048 1049
1051 1052
1055 1081
1056 1082
1057 1086
1058 1059
1060 1061
1062 1063
1062 1088
1063 1064
1064 1089
1065 1090
1066 1067
1067 1092
1068 1093
1069 1070
1070 1094
1071 1072
1071 1095
1074 1099
1075 1076
1076 1077
1079 1080
1080 1081
1080 1104
1081 1105
1082 1083
1082 1107
1084 1110
1085 1086
1087 1113
1089 1116
1090 1117
1091 1118
1095 1122
1098 1099
1099 1100
1100 1101
1100 1124
1101 1125
1103 1127
1104 1105
1104 1129
1105 1130
1109 1110
1111 1112
1111 1134
1112 1135
1113 1114
1114 1136
1115 1116
1115 1138
1117 1139
1118 1140
1121 1122
1122 1146
1124 1125
1125 1126
1127 1128
1128 1151
1129 1130
1129 1155
1131 1157
1134 1135
1138 1165
1139 1167
1142 1143
1142 1170
1144 1145
1144 1172
1145 1173
1147 1175
1148 1177
1149 1150
1149 1178
1151 1152
1151 1181
1152 1153
1152 1182
1154 1155
1156 1157
1159 1160
1163 1189
1164 1165
1166 1167
1167 1168
1167 1192
1169 1194
1171 1172
1171 1197
1172 1173
1173 1198
1175 1176
1175 1201
1176 1177
1176 1202
1179 1203
1180 1205
1181 1182
1181 1207
1185 1213
1186 1217
1189 1190
1190 1191
1191 1219
1193 1224
1197 1230
1198 1199
1198 1231
1201 1202
1203 1204
1205 1206
1206 1207
1208 1233
1209 1235
1210 1236
1212 1213
1215 1216
1215 1238
1216 1239
1219 1220
1220 1221
1220 1245
1221 1246
1223 1224
1223 1247
1224 1248
1225 1226
1225 1249
1226 1227
1226 1250
1229 1254
1233 1234
1234 1235
1235 1260
1237 1263
1238 1239
1240 1241
1240 1265
1242 1243
1243 1244
1243 1266
1245 1246
1245 1268
1247 1248
1249 1250
1249 1270
1251 1252
1251 1272
1255 1256
1255 1279
1256 1280
1257 1258
1257 1281
1258 1282
1260 1261
1260 1286
1261 1287
1262 1263
1265 1294
1266 1297
1269 1301
1270 1304
1271 1272
1273 1310
1275 1276
1275 1311
1277 1278
1277 1314
1278 1315
1279 1280
1279 1317
1281 1282
1281 1318
1283 1319
1284 1320
1286 1287
1286 1325
1287 1288
1287 1326
1289 1290
1291 1292
1292 1331
1293 1294
1294 1295
1295 1296
1298 1335
1299 1300
1300 1301
1301 1302
1302 1303
1303 1338
1304 1305
1304 1339
1305 1340
1307 1308
1307 1342
1309 1310
1309 1344
1311 1349
1312 1313
1312 1351
1313 1314
1314 1315
1315 1316
1316 1352
1320 1321
1321 1354
1322 1323
1322 1355
1323 1324
1323 1356
1325 1326
1325 1358
1327 1360
1328 1329
1328 1361
1329 1330
1329 1362
1330 1363
1331 1332
1333 1334
1333 1366
1335 1336
1336 1337
1337 1368
1338 1372
1339 1340
1339 1373
1342 1376
1343 1344
1343 1377
1344 1378
1345 1346
1345 1380
1347 1348
1349 1350
1352 1381
1355 1356
1357 1387
1358 1388
1359 1390
1360 1391
1361 1362
1362 1363
1362 1393
1363 1394
1364 1365
1365 1366
1367 1399
1368 1369
1369 1370
1369 1402
1370 1371
1370 1403
1372 1406
1375 1376
1377 1378
1378 1379
1379 1380
1381 1382
1384 1414
1386 1416
1388 1389
1388 1417
1389 1390
1389 1418
1391 1392
1391 1421
1393 1394
1394 1395
1396 1397
1399 1400
1399 1426
1400 1401
1401 1427
1402 1403
1404 1430
1405 1406
1407 1433
1410 1440
1412 1447
1413 1448
1414 1415
1414 1451
1415 1452
1417 1418
1419 1420
1420 1421
1420 1456
1421 1457
1422 1423
1422 1461
1423 1462
1425 1426
1428 1429
1429 1430
1429 1465
1432 1433
1432 1470
1433 1434
1434 1471
1436 1437
1436 1474
1438 1439
1441 1442
1441 1477
1442 1443
1444 1478
1445 1446
1445 1480
1446 1447
1449 1450
1449 1483
1451 1452
1452 1484
1455 1487
1456 1457
1457 1458
1457 1489
1459 1460
1460 1461
1461 1462
1463 1495
1465 1496
1466 1467
1467 1468
1467 1497
1468 1498
1469 1470
1470 1501
1472 1473
1473 1474
1473 1503
1475 1505
1476 1510
1477 1511
1478 1513
1479 1480
1480 1514
1482 1516
1484 1519
1485 1486
1486 1522
1487 1488
1487 1525
1488 1526
1490 1527
1491 1492
1491 1529
1493 1494
1493 1531
1494 1532
1497 1498
1498 1538
1499 1500
1501 1502
1503 1543
1504 1505
1508 1509
1512 1550
1513 1551
1515 1555
1516 1517
1516 1556
1517 1557
1519 1559
1520 1521
1523 1561
1524 1562
1525 1526
1526 1564
1527 1528
1527 1566
1528 1529
1531 1532
1533 1570
1535 1536
1535 1573
1536 1574
1537 1575
1538 1539
1538 1577
1540 1541
1540 1580
1542 1543
1542 1581
1543 1544
1543 1582
1544 1583
1545 1585
1547 1548
1547 1587
1548 1588
1549 1550
1549 1591
1550 1592
1551 1552
1552 1553
1553 1593
1554 1555
1554 1594
1555 1595
1556 1557
1558 1559
1560 1561
1561 1599
1562 1563
1563 1600
1564 1565
1565 1601
1568 1604
1569 1570
1571 1572
1571 1606
1573 1574
1575 1576
1576 1577
1580 1609
1581 1582
1581 1610
1582 1583
1583 1611
1584 1585
1584 1616
1587 1588
1589 1590
1589 1619
1590 1591
1591 1592
1591 1620
1592 1621
1594 1595
1595 1596
1597 1625
1599 1629
1600 1631
1601 1602
1602 1603
1604 1635
1605 1606
1605 1638
1606 1639
1608 1644
1609 1646
1611 1612
1611 1647
1613 1614
1614 1615
1614 1648
1615 1616
1617 1618
1617 1653
1618 1654
1620 1621
1623 1624
1623 1659
1624 1625
1625 1626
1625 1660
1628 1629
1628 1664
1630 1631
1632 1633
1632 1667
1633 1668
1634 1670
1635 1671
1636 1637
1637 1638
1638 1639
1639 1675
1640 1641
1640 1677
1641 1642
1641 1678
1642 1643
1642 1679
1644 1645
1645 1682
1650 1651
1651 1652
1652 1653
1652 1688
1653 1654
1653 1689
1655 1693
1656 1657
1657 1695
1658 1696
1661 1700
1662 1663
1663 1702
1666 1667
1667 1668
1667 1705
1668 1669
1668 1706
1669 1670
1671 1672
1672 1673
1672 1709
1673 1674
1674 1710
1675 1712
1676 1677
1677 1678
1677 1715
1678 1679
1680 1716
1681 1717
1683 1719
1686 1687
1687 1727
1688 1689
1689 1728
1690 1731
1691 1732
1692 1693
1695 1736
1696 1697
1698 1738
1699 1700
1700 1701
1703 1742
1704 1743
1705 1706
1705 1744
1707 1708
1707 1746
1708 1747
1711 1749
1712 1713
1713 1714
1716 1753
1717 1754
1718 1756
1719 1758
1720 1760
1723 1724
1723 1762
1725 1763
1728 1729
1729 1730
1730 1731
1732 1733
1733 1766
1734 1769
1737 1738
1737 1773
1739 1740
1740 1741
1741 1742
1742 1779
1745 1746
1746 1747
1748 1749
1748 1783
1750 1784
1752 1753
1754 1755
1755 1756
1756 1757
1756 1787
1757 1788
1758 1759
1759 1760
1761 1792
1763 1795
1767 1768
1768 1769
1769 1799
1772 1802
1773 1803
1776 1777
1777 1778
1778 1804
1781 1810
1782 1813
1783 1815
1785 1820
1786 1822
1787 1788
1787 1825
1788 1789
1788 1826
1791 1792
1791 1828
1792 1829
1793 1831
1795 1796
1795 1832
1796 1833
1798 1837
1799 1800
1800 1801
1801 1841
1803 1846
1806 1850
1807 1851
1809 1810
1810 1854
1811 1812
1812 1813
1813 1814
1813 1856
1815 1858
1816 1817
1817 1818
1817 1859
1819 1820
1819 1861
1821 1822
1822 1823
1823 1824
1824 1825
1824 1862
1825 1826
1827 1863
1828 1829
1828 1866
1829 1830
1830 1831
1832 1833
1834 1835
1836 1870
1837 1838
1837 1873
1842 1843
1845 1846
1845 1878
1851 1880
1852 1853
1852 1883
1853 1884
1854 1855
1854 1886
1856 1888
1857 1889
1858 1890
1862 1897
1863 1864
1864 1865
1865 1866
1865 1899
1866 1900
1868 1906
1869 1870
1869 1907
1870 1871
1871 1872
1872 1873
1875 1876
1875 1913
1876 1914
1877 1878
1878 1918
1879 1920
1880 1881
1880 1926
1881 1927
1882 1883
1883 1884
1884 1885
1885 1886
1890 1891
1890 1931
1894 1895
1895 1933
1896 1897
1897 1936
1899 1900
1900 1942
1901 1943
1902 1903
1903 1904
1903 1945
1904 1905
1904 1946
1906 1947
1907 1948
1908 1909
1909 1910
1910 1950
1911 1952
1913 1914
1913 1954
1914 1955
1915 1916
1915 1957
1916 1917
1917 1958
1918 1960
1919 1920
1920 1961
1921 1963
1922 1923
1925 1926
1925 1967
1926 1927
1927 1928
1932 1973
1933 1934
1934 1935
1934 1975
1936 1937
1938 1976
1939 1978
1940 1941
1943 1944
1943 1981
1945 1946
1945 1983
1947 1986
1950 1951
1951 1990
1952 1953
1954 1955
1955 1956
1956 1957
1959 1960
1961 1962
1962 1963
1969 1970
1976 1977
1977 1978
1979 1980
1982 1983
1984 1985
1985 1986
1987 1988
1988 1989
