2063
3 6
4 7
5 8
7 10
8 12
9 10
14 15
15 20
17 18
18 22
19 24
20 21
20 26
21 27
22 23
23 29
24 25
24 31
25 26
26 27
26 32
32 36
34 38
35 36
35 40
36 37
36 41
39 43
40 41
43 44
44 48
48 49
49 50
51 52
52 53
52 61
54 55
54 64
55 56
58 59
59 60
59 69
60 70
61 71
62 63
63 64
63 72
64 73
66 67
68 75
69 70
69 76
71 78
72 73
73 81
74 75
75 86
76 88
77 78
78 79
78 89
79 80
82 83
84 91
85 93
86 95
87 88
89 99
90 91
90 103
91 92
92 93
92 104
93 94
94 95
95 105
96 97
96 106
98 99
100 109
101 102
102 103
103 111
107 116
108 109
108 119
109 120
111 112
113 114
116 126
117 127
118 119
118 128
119 120
119 129
120 121
121 130
124 125
125 136
126 137
127 138
128 129
128 139
130 131
131 132
133 134
135 141
137 145
138 146
140 141
144 152
146 147
156 157
156 164
157 165
158 170
160 177
161 162
161 179
162 163
164 165
164 183
165 166
165 184
167 168
168 169
168 186
170 171
171 172
171 187
172 173
173 174
175 176
176 177
179 190
180 192
181 195
182 183
183 184
184 197
186 198
188 205
189 208
191 192
192 193
193 194
194 195
195 196
195 209
196 210
197 211
198 199
201 215
202 203
202 216
203 204
203 217
204 205
204 218
205 206
206 207
207 208
207 219
209 210
209 225
210 226
211 212
211 227
212 228
213 214
214 232
216 217
216 233
217 218
219 235
220 221
220 236
221 237
222 238
224 225
225 226
225 239
226 240
227 228
228 229
230 231
233 243
234 235
235 245
236 237
236 246
239 240
239 250
241 252
242 243
242 259
243 260
246 262
248 249
249 250
251 252
251 264
252 253
253 265
254 255
254 268
255 256
255 269
256 270
257 258
257 272
258 259
258 273
259 260
262 276
263 282
265 266
265 285
267 268
268 269
269 270
270 287
271 272
271 289
272 273
274 275
275 276
277 278
278 279
278 291
279 280
281 282
282 283
282 292
283 284
283 293
285 297
286 299
288 289
290 304
292 293
294 295
294 311
295 296
295 312
296 297
297 298
297 313
298 299
299 300
300 314
301 316
302 317
303 319
304 321
305 323
306 307
309 329
311 312
311 335
312 336
313 338
314 315
314 340
315 316
315 341
317 343
320 321
321 344
322 323
322 345
323 324
323 346
324 325
325 326
325 347
328 329
330 350
332 333
334 335
334 353
335 336
336 337
337 338
338 354
339 340
339 356
340 341
342 343
343 357
344 360
345 346
347 362
349 365
351 352
351 368
353 370
354 355
354 372
355 356
358 359
360 361
360 376
361 377
362 363
364 379
366 382
370 371
370 385
373 387
376 377
378 379
378 389
379 380
379 390
381 382
382 383
383 384
385 395
386 396
389 390
389 405
393 394
393 411
394 395
394 412
399 400
399 413
401 402
402 416
403 418
404 421
405 422
406 423
407 408
408 409
409 426
410 428
411 412
412 432
413 437
414 415
415 440
416 417
417 418
418 419
419 420
419 441
420 442
421 443
422 444
423 424
423 446
424 425
426 427
426 448
427 449
428 429
428 451
430 452
431 453
432 433
434 456
435 436
436 437
436 458
437 438
439 460
441 442
442 464
443 465
444 445
445 467
447 470
448 449
449 450
453 473
455 456
455 475
457 476
458 479
459 460
459 480
460 461
461 462
461 481
465 466
468 469
468 487
469 470
470 488
474 475
476 477
476 494
477 478
478 479
479 495
480 497
481 498
484 499
485 504
486 505
487 507
489 509
491 492
491 517
493 494
494 519
495 522
496 497
496 524
500 501
501 502
502 503
502 529
503 504
503 530
504 531
505 506
505 532
506 507
507 508
511 512
511 536
512 537
515 516
517 540
518 543
519 520
520 521
520 545
521 522
521 546
522 523
522 547
523 524
525 548
526 527
527 550
528 554
529 530
529 556
530 531
530 557
535 536
536 537
537 538
538 561
540 541
542 543
543 544
543 565
544 566
545 546
546 547
546 567
548 549
548 569
549 570
550 551
551 552
552 553
552 572
554 573
556 557
556 574
558 559
561 581
562 563
564 587
565 566
566 588
568 589
569 570
570 571
571 590
574 593
575 576
576 577
577 595
578 596
580 581
581 601
582 583
583 584
584 603
585 604
586 587
587 606
590 591
591 612
593 594
593 617
594 618
596 597
597 598
597 622
598 623
599 600
599 626
600 627
601 602
601 629
603 631
604 633
606 607
608 609
608 637
611 639
612 613
613 640
615 616
617 618
617 642
618 619
622 623
623 624
623 643
624 625
624 644
625 626
625 645
626 627
627 628
628 629
629 646
630 648
631 632
631 649
632 633
632 650
634 635
636 655
641 642
643 644
644 645
646 647
647 648
648 666
649 650
649 668
650 669
651 652
654 655
654 671
655 656
655 672
657 677
658 659
661 680
662 663
664 683
665 685
666 667
667 668
668 669
669 688
670 671
670 693
671 672
673 694
674 675
675 676
675 695
676 677
679 680
680 681
680 703
681 704
682 683
683 684
683 706
684 707
685 686
686 709
688 689
688 713
689 714
692 693
695 719
697 698
697 721
699 700
703 704
703 723
704 724
705 727
706 707
707 708
709 710
710 730
711 731
712 713
713 714
714 715
715 733
716 717
717 718
717 740
719 743
721 748
723 724
723 753
725 726
725 754
726 727
726 755
727 728
728 756
729 758
731 732
732 761
734 735
735 764
736 737
737 765
741 742
742 770
743 744
743 772
744 745
745 746
746 773
747 748
748 775
749 750
750 751
752 779
754 755
755 782
758 759
761 785
762 763
762 786
765 791
768 769
769 795
770 771
770 796
771 772
773 774
773 798
775 776
775 800
776 777
776 801
778 805
779 780
779 808
780 809
781 812
782 813
784 785
787 817
789 790
790 791
790 819
791 792
792 793
795 822
797 798
797 824
799 800
799 825
800 801
800 826
802 827
803 804
804 805
804 828
805 829
806 807
806 830
807 808
808 809
808 831
809 810
810 832
811 812
811 833
812 834
813 814
813 835
814 815
814 836
815 837
816 840
819 846
820 850
823 852
824 853
825 826
826 856
827 858
828 829
828 859
829 860
832 861
833 834
835 836
835 863
836 837
837 864
838 839
839 840
839 865
841 868
842 843
842 869
843 844
845 870
846 872
847 848
847 874
848 849
849 850
850 875
851 852
851 878
852 879
853 854
854 855
855 880
856 881
857 858
857 882
859 860
861 885
862 863
866 887
867 868
869 889
870 890
871 872
871 892
872 873
877 896
878 879
878 898
879 899
880 901
884 885
885 905
886 908
887 888
887 910
889 912
890 891
890 915
891 916
893 923
894 928
895 896
896 897
896 929
897 898
897 930
898 899
899 931
900 901
901 902
902 933
905 906
906 937
907 908
908 941
909 910
910 943
913 914
913 946
914 947
915 916
916 917
918 919
919 920
919 950
920 951
921 922
924 925
924 954
925 926
925 955
926 927
927 928
927 956
929 930
930 958
931 932
931 959
933 961
937 938
938 967
941 942
943 971
944 972
945 946
946 947
947 948
950 951
951 978
952 953
952 980
953 981
954 955
956 982
959 985
961 988
962 963
963 989
964 990
966 995
967 996
970 971
970 1001
972 973
974 1002
975 976
978 979
980 981
981 1006
982 983
985 986
986 987
987 1012
990 991
990 1016
992 1017
993 994
993 1018
994 995
994 1019
996 997
996 1020
997 1021
1000 1001
1000 1022
1002 1026
1003 1004
1003 1028
1005 1033
1007 1034
1008 1009
1009 1039
1012 1013
1012 1041
1014 1042
1015 1016
1018 1019
1020 1021
1022 1045
1023 1024
1024 1025
1025 1046
1027 1028
1029 1030
1029 1051
1030 1031
1030 1052
1031 1032
1032 1053
1033 1054
1034 1035
1034 1055
1035 1056
1036 1037
1036 1058
1038 1059
1039 1060
1041 1063
1042 1067
1043 1070
1044 1045
1044 1075
1045 1076
1046 1047
1046 1079
1047 1048
1049 1050
1051 1052
1051 1081
1052 1082
1055 1056
1056 1057
1060 1061
1061 1062
1063 1064
1063 1088
1064 1089
1065 1066
1066 1067
1068 1091
1069 1070
1070 1071
1070 1093
1073 1074
1075 1076
1076 1077
1077 1078
1077 1097
1078 1098
1080 1103
1081 1082
1081 1107
1082 1083
1082 1108
1083 1109
1084 1111
1086 1115
1088 1089
1089 1090
1089 1118
1091 1092
1096 1121
1097 1098
1097 1123
1098 1099
1101 1102
1102 1125
1103 1104
1105 1106
1107 1108
1107 1129
1108 1109
1108 1130
1109 1110
1109 1131
1111 1112
1111 1133
1113 1114
1114 1134
1115 1137
1118 1140
1120 1148
1121 1122
1121 1151
1122 1152
1126 1127
1127 1158
1129 1130
1129 1161
1130 1131
1130 1162
1132 1164
1134 1135
1137 1170
1139 1140
1140 1141
1140 1176
1141 1177
1144 1145
1145 1182
1147 1148
1148 1149
1149 1150
1150 1151
1151 1152
1151 1184
1157 1189
1159 1191
1160 1161
1161 1162
1161 1192
1163 1164
1164 1193
1165 1194
1168 1197
1170 1171
1170 1199
1171 1172
1171 1200
1174 1175
1174 1202
1176 1177
1177 1178
1177 1203
1178 1204
1180 1181
1182 1183
1185 1213
1186 1215
1187 1188
1187 1217
1188 1189
1188 1218
1190 1191
1191 1220
1192 1221
1194 1195
1199 1200
1202 1231
1203 1204
1204 1205
1207 1208
1207 1237
1208 1209
1208 1238
1209 1210
1209 1239
1213 1243
1216 1217
1216 1248
1217 1218
1218 1249
1220 1250
1221 1222
1221 1252
1222 1223
1223 1253
1224 1255
1225 1226
1225 1256
1228 1229
1230 1260
1231 1232
1231 1263
1234 1235
1235 1267
1236 1237
1236 1268
1237 1238
1237 1269
1238 1239
1240 1241
1242 1272
1243 1244
1244 1274
1246 1275
1250 1251
1255 1279
1256 1281
1259 1260
1259 1286
1260 1287
1261 1262
1262 1263
1262 1288
1264 1290
1268 1269
1269 1294
1271 1272
1272 1297
1275 1276
1279 1280
1280 1281
1281 1310
1283 1284
1283 1313
1285 1286
1286 1287
1289 1290
1290 1291
1290 1317
1291 1292
1292 1318
1293 1321
1294 1323
1295 1296
1297 1330
1298 1331
1299 1300
1300 1333
1301 1302
1301 1334
1302 1303
1302 1335
1303 1304
1307 1340
1308 1343
1310 1311
1310 1346
1311 1312
1314 1351
1315 1316
1318 1356
1319 1320
1319 1358
1320 1321
1321 1322
1321 1359
1323 1324
1323 1364
1324 1325
1325 1326
1325 1365
1327 1328
1328 1329
1329 1330
1331 1332
1332 1367
1334 1335
1337 1373
1338 1339
1339 1377
1341 1342
1341 1379
1342 1343
1342 1380
1343 1344
1344 1381
1346 1384
1347 1348
1348 1349
1348 1385
1350 1351
1350 1386
1354 1390
1355 1356
1355 1392
1356 1357
1357 1358
1360 1361
1360 1394
1361 1362
1362 1363
1363 1364
1363 1395
1370 1397
1373 1374
1374 1375
1374 1400
1375 1376
1375 1401
1378 1379
1379 1380
1379 1403
1380 1404
1381 1382
1382 1406
1383 1384
1386 1408
1388 1389
1389 1390
1390 1391
1390 1414
1397 1398
1397 1428
1398 1399
1398 1429
1399 1430
1400 1401
1400 1435
1401 1436
1402 1438
1403 1404
1403 1440
1404 1405
1404 1441
1405 1442
1408 1409
1408 1447
1409 1448
1410 1450
1412 1413
1416 1417
1419 1457
1422 1423
1423 1460
1425 1426
1425 1462
1426 1427
1426 1463
1427 1464
1428 1429
1429 1430
1430 1431
1430 1465
1432 1466
1434 1435
1435 1436
1436 1468
1437 1438
1437 1470
1438 1439
1439 1471
1440 1441
1441 1442
1442 1443
1443 1472
1446 1447
1447 1448
1448 1449
1450 1451
1450 1482
1451 1452
1451 1483
1457 1490
1459 1491
1461 1495
1462 1463
1463 1464
1466 1496
1468 1469
1468 1501
1474 1475
1474 1507
1475 1476
1475 1508
1476 1509
1477 1510
1479 1480
1479 1513
1480 1481
1481 1514
1482 1483
1482 1515
1485 1519
1486 1524
1487 1488
1487 1526
1488 1527
1489 1490
1489 1528
1491 1532
1493 1494
1493 1537
1494 1538
1495 1540
1496 1497
1497 1498
1497 1545
1498 1499
1502 1547
1503 1504
1506 1507
1507 1508
1508 1509
1508 1550
1509 1551
1510 1552
1511 1512
1512 1553
1513 1554
1516 1557
1517 1558
1519 1520
1520 1521
1520 1560
1521 1522
1521 1561
1522 1523
1522 1562
1523 1524
1523 1563
1525 1526
1526 1527
1528 1564
1529 1530
1530 1531
1531 1532
1533 1534
1534 1566
1535 1536
1536 1537
1536 1567
1537 1538
1537 1568
1538 1539
1539 1540
1540 1569
1544 1574
1545 1576
1546 1547
1547 1548
1548 1577
1549 1582
1550 1551
1554 1588
1560 1561
1560 1595
1561 1562
1561 1596
1562 1563
1565 1602
1567 1568
1569 1570
1573 1574
1573 1608
1574 1609
1575 1576
1575 1611
1576 1612
1577 1578
1578 1579
1580 1581
1582 1583
1582 1618
1583 1584
1585 1620
1586 1587
1586 1622
1590 1626
1591 1627
1592 1628
1595 1596
1595 1630
1598 1599
1599 1600
1599 1635
1600 1601
1602 1603
1602 1637
1607 1608
1608 1609
1608 1642
1610 1643
1611 1612
1612 1645
1613 1614
1613 1647
1614 1615
1614 1648
1617 1618
1617 1654
1618 1655
1620 1657
1621 1622
1623 1624
1624 1658
1632 1633
1632 1668
1634 1670
1635 1671
1637 1673
1639 1640
1641 1678
1643 1644
1644 1681
1645 1646
1646 1647
1647 1648
1648 1683
1649 1684
1654 1655
1656 1657
1656 1689
1658 1692
1659 1660
1662 1663
1663 1664
1663 1697
1666 1667
1666 1701
1667 1668
1668 1702
1669 1704
1672 1673
1673 1674
1674 1675
1674 1707
1675 1676
1675 1708
1676 1709
1679 1715
1680 1717
1681 1682
1684 1721
1685 1724
1686 1726
1688 1689
1690 1691
1690 1728
1692 1693
1692 1729
1693 1730
1694 1695
1696 1739
1697 1740
1699 1700
1699 1741
1700 1701
1700 1742
1701 1743
1702 1703
1703 1704
1703 1744
1705 1706
1705 1746
1707 1708
1708 1709
1708 1749
1710 1711
1711 1750
1714 1751
1715 1716
1716 1717
1716 1753
1718 1754
1720 1721
1721 1722
1721 1756
1722 1757
1724 1725
1725 1759
1726 1727
1726 1761
1727 1762
1729 1730
1731 1732
1731 1774
1732 1733
1732 1775
1733 1734
1733 1776
1735 1778
1736 1737
1736 1782
1737 1738
1738 1739
1741 1742
1741 1785
1742 1743
1742 1786
1745 1789
1747 1792
1751 1798
1752 1799
1754 1801
1756 1757
1757 1758
1757 1804
1758 1805
1760 1761
1760 1807
1761 1762
1761 1808
1762 1763
1763 1764
1763 1809
1764 1810
1765 1766
1765 1811
1766 1767
1766 1812
1768 1814
1769 1770
1770 1771
1771 1772
1773 1774
1774 1775
1775 1776
1776 1816
1777 1778
1779 1780
1779 1819
1780 1781
1782 1821
1784 1826
1785 1786
1786 1828
1787 1829
1788 1789
1788 1832
1789 1790
1792 1834
1793 1794
1794 1795
1795 1837
1800 1801
1801 1841
1802 1842
1804 1805
1807 1808
1809 1810
1809 1848
1810 1849
1811 1812
1813 1814
1815 1853
1816 1817
1817 1856
1818 1819
1819 1857
1821 1822
1822 1860
1823 1862
1824 1825
1825 1826
1825 1863
1826 1864
1829 1830
1829 1866
1830 1831
1830 1867
1831 1832
1833 1870
1834 1835
1834 1871
1836 1874
1837 1876
1838 1839
1839 1840
1840 1878
1841 1885
1843 1887
1846 1891
1847 1848
1847 1895
1848 1849
1849 1850
1850 1896
1851 1852
1854 1855
1857 1906
1859 1907
1860 1861
1860 1908
1861 1862
1861 1909
1862 1910
1863 1864
1865 1866
1866 1867
1868 1913
1869 1870
1869 1915
1871 1916
1872 1873
1872 1917
1873 1874
1875 1876
1875 1918
1878 1919
1880 1920
1881 1882
1881 1922
1882 1883
1882 1923
1883 1884
1884 1885
1884 1924
1886 1887
1888 1925
1889 1890
1890 1891
1891 1892
1891 1926
1892 1893
1893 1894
1893 1927
1894 1895
1895 1928
1896 1897
1898 1899
1898 1933
1899 1934
1903 1904
1903 1939
1905 1906
1906 1940
1908 1909
1909 1910
1909 1945
1910 1946
1911 1948
1915 1954
1920 1921
1921 1922
1921 1958
1922 1923
1925 1963
1928 1967
1930 1931
1930 1968
1931 1969
1932 1933
1933 1934
1934 1935
1934 1970
1935 1936
1936 1971
1937 1938
1937 1973
1940 1941
1941 1942
1941 1976
1944 1979
1945 1946
1945 1980
1947 1948
1949 1950
1949 1985
1950 1951
1951 1952
1952 1953
1952 1986
1956 1992
1960 1961
1961 2000
1962 1963
1962 2002
1963 1964
1963 2003
1964 1965
1964 2004
1966 1967
1968 1969
1969 2011
1971 1972
1971 2015
1972 2016
1973 2017
1974 2021
1975 2023
1976 2026
1977 2029
1984 1985
1985 2034
1986 2036
1989 1990
1989 2040
1990 2041
1991 1992
1993 1994
1996 1997
1996 2047
1998 2049
2001 2002
2002 2003
2003 2004
2006 2007
2009 2010
2009 2054
2010 2055
2011 2012
2012 2013
2013 2014
2013 2056
2015 2016
2017 2018
2018 2019
2018 2059
2019 2020
2020 2021
2021 2022
2022 2023
2023 2024
2024 2025
2025 2060
2026 2027
2027 2028
2035 2036
2039 2040
2040 2041
2041 2042
2042 2043
2045 2046
2048 2049
2053 2054
2054 2055
2057 2058
