1983
0 1
0 2
4 5
5 6
5 8
7 10
10 11
10 14
11 15
13 18
14 15
14 20
15 16
15 21
16 22
17 18
18 19
18 24
20 21
20 27
21 22
21 28
26 27
27 28
27 30
28 31
29 32
30 31
34 37
37 38
37 43
39 46
40 41
43 49
44 45
44 50
45 46
47 52
48 54
53 54
55 56
55 61
56 57
58 65
60 61
61 69
63 64
64 65
64 71
65 72
71 72
71 78
72 73
74 75
77 78
78 83
82 90
84 85
87 94
89 90
90 99
91 92
91 100
95 96
95 102
97 98
98 103
99 105
103 104
104 105
106 116
107 108
108 117
109 110
112 113
112 123
114 115
114 126
115 127
117 118
117 129
118 130
119 120
120 134
122 123
124 125
124 138
125 126
125 139
126 127
127 128
127 140
128 141
129 130
130 131
131 132
132 133
132 144
134 135
134 145
137 150
138 139
140 141
141 142
141 152
142 153
146 158
147 148
148 149
148 159
149 150
150 151
150 160
152 153
153 154
155 156
157 164
158 165
160 167
161 170
167 168
167 177
168 169
169 170
170 178
173 174
179 187
181 182
184 185
190 191
192 199
193 194
194 195
195 196
197 202
199 200
199 213
200 214
201 216
202 219
204 205
205 223
206 207
206 225
207 226
208 209
209 228
210 211
211 212
212 229
213 214
213 231
214 232
216 217
218 219
219 220
221 222
221 238
222 239
223 224
224 225
225 226
225 240
226 227
226 241
229 230
230 244
231 232
233 234
233 245
236 237
236 252
237 238
238 239
239 253
240 241
241 255
244 258
246 247
249 250
249 264
250 251
250 265
251 252
251 266
253 267
254 270
255 271
256 257
257 272
259 276
262 263
263 264
264 265
265 266
265 280
266 281
267 268
267 283
268 269
269 270
269 284
270 285
272 273
272 286
273 274
273 287
274 288
275 276
278 279
279 294
280 281
281 282
284 285
286 287
287 288
288 289
288 296
289 290
290 291
290 297
291 298
292 300
296 313
297 298
298 299
300 314
301 302
302 303
302 315
305 318
307 308
308 320
309 310
310 324
311 326
312 313
312 328
314 330
317 335
318 319
318 337
320 321
322 323
322 338
324 325
326 327
327 328
332 346
333 334
333 347
335 336
335 349
341 342
341 361
343 344
344 362
345 365
346 368
348 349
349 370
351 352
353 354
354 355
354 374
355 356
356 357
356 375
358 359
358 378
360 361
362 382
363 364
364 365
365 383
366 367
368 369
368 385
369 386
370 389
371 372
374 393
375 394
376 397
377 378
379 380
382 400
383 384
383 403
385 386
385 404
386 405
387 388
388 389
388 407
389 390
390 408
394 395
394 413
395 396
396 397
397 414
399 417
401 402
402 403
404 405
405 406
409 410
409 423
411 424
412 426
413 429
414 430
416 432
419 420
421 422
421 437
422 423
422 438
423 439
424 440
425 426
427 428
427 442
430 431
430 444
432 446
434 451
436 437
436 454
437 438
438 439
441 457
442 460
444 463
446 468
447 470
448 449
451 473
452 453
452 475
453 476
455 456
456 479
457 458
459 460
459 483
462 463
462 486
463 464
464 465
465 487
466 467
466 488
467 468
467 489
470 471
471 472
475 476
476 477
482 483
482 497
483 498
485 486
485 501
487 503
488 489
489 506
490 508
496 497
497 498
498 520
499 500
500 522
501 523
503 504
503 524
504 505
505 525
506 507
506 527
507 508
507 528
508 529
511 512
511 533
512 534
514 515
514 536
516 517
516 538
517 518
520 542
521 543
522 544
524 545
525 526
526 527
527 528
527 547
528 529
531 549
533 534
534 535
534 551
537 552
538 554
539 556
544 560
545 546
547 565
548 568
551 571
552 553
553 554
553 576
556 557
556 579
557 558
561 562
563 564
563 583
564 565
564 584
566 567
567 568
567 587
568 569
571 572
572 573
573 574
574 589
575 590
576 591
577 593
581 582
583 584
585 586
586 603
588 606
589 609
593 616
595 596
597 618
598 599
598 619
599 620
600 601
602 624
603 604
604 629
605 631
606 607
606 633
607 608
607 634
609 610
610 611
610 637
612 613
615 616
615 639
617 618
619 620
619 643
620 621
621 622
622 623
625 626
625 646
626 627
627 628
627 647
629 630
631 649
632 650
633 634
634 651
635 636
637 653
639 656
640 641
640 658
641 659
642 666
643 668
644 670
645 646
646 674
647 675
652 653
652 684
653 685
655 656
656 657
657 658
658 659
659 660
659 687
661 662
662 663
663 664
663 688
664 665
665 666
666 689
667 691
668 669
668 693
669 694
671 697
672 698
675 701
676 677
678 704
679 680
679 705
681 682
681 706
682 683
682 707
683 684
683 708
684 685
687 712
689 690
690 691
691 692
692 716
693 694
693 717
696 697
698 699
700 701
701 702
702 703
706 707
706 725
707 708
708 726
711 712
714 733
718 719
722 744
724 725
724 747
725 748
728 729
729 730
732 733
732 753
735 755
736 737
738 760
741 742
741 766
742 743
743 767
744 745
744 770
747 748
749 750
751 752
754 755
755 756
756 757
756 776
758 759
758 781
759 782
763 785
764 787
765 788
767 768
768 769
769 770
771 772
771 793
776 806
777 778
777 807
778 779
779 780
779 808
781 782
782 783
786 787
788 789
788 811
790 791
790 816
791 817
792 793
794 795
795 796
796 820
798 821
800 801
800 823
801 824
803 804
804 805
805 826
807 827
810 835
813 814
814 815
814 838
816 817
818 841
820 843
821 846
822 823
823 824
823 848
826 852
827 828
827 856
828 857
829 859
830 831
831 861
832 863
839 840
841 842
843 869
844 845
844 870
845 846
846 847
847 871
849 872
850 851
852 853
853 854
854 855
855 856
855 877
856 857
858 859
861 862
862 863
863 864
863 882
865 883
867 887
868 869
870 892
871 894
872 873
872 898
873 874
873 899
876 901
878 905
880 908
881 909
882 910
883 911
884 913
885 886
885 914
889 890
892 893
894 895
895 896
896 897
898 899
899 923
900 925
901 902
901 928
905 929
906 907
907 908
907 930
911 912
912 934
913 935
914 937
915 938
916 917
917 940
918 942
919 920
923 924
923 947
924 925
925 948
927 949
935 936
935 960
937 961
938 939
940 941
941 942
941 964
943 944
943 967
944 968
947 972
948 974
949 950
949 977
952 953
953 954
953 980
954 955
955 981
958 959
958 984
959 985
961 991
963 993
965 966
965 996
967 968
967 998
971 1005
972 973
973 974
974 975
974 1006
975 976
976 1007
977 1008
978 1009
980 1013
983 1018
984 985
984 1021
985 986
985 1022
986 987
986 1023
987 988
988 989
990 991
991 992
993 994
995 996
995 1027
997 998
998 1029
1000 1001
1000 1030
1002 1003
1003 1031
1005 1033
1007 1035
1008 1036
1009 1010
1012 1038
1014 1015
1014 1042
1015 1016
1015 1043
1016 1017
1018 1019
1019 1020
1020 1044
1021 1022
1021 1045
1022 1023
1024 1025
1024 1049
1025 1050
1027 1053
1030 1054
1031 1032
1031 1055
1032 1056
1034 1035
1036 1037
1036 1060
1038 1039
1038 1064
1039 1065
1042 1043
1042 1067
1046 1047
1046 1072
1047 1073
1048 1074
1049 1050
1050 1051
1050 1075
1051 1076
1052 1077
1055 1056
1058 1059
1059 1088
1062 1063
1062 1092
1063 1064
1064 1065
1064 1093
1066 1067
1068 1069
1068 1095
1069 1070
1069 1096
1072 1073
1074 1100
1075 1076
1076 1102
1077 1104
1078 1079
1080 1081
1080 1105
1081 1082
1082 1083
1083 1084
1084 1106
1086 1110
1087 1112
1088 1113
1090 1091
1091 1092
1091 1115
1092 1116
1093 1118
1094 1095
1095 1096
1095 1120
1098 1099
1099 1123
1100 1126
1101 1128
1102 1103
1102 1129
1103 1104
1103 1130
1105 1134
1106 1136
1107 1108
1107 1137
1109 1110
1110 1111
1112 1140
1115 1116
1116 1117
1117 1118
1118 1144
1119 1146
1121 1150
1123 1124
1124 1154
1125 1155
1126 1127
1127 1128
1129 1130
1132 1160
1133 1134
1135 1136
1135 1162
1136 1163
1137 1165
1138 1166
1140 1141
1140 1169
1141 1170
1146 1147
1146 1176
1147 1148
1149 1177
1150 1180
1152 1183
1153 1184
1156 1188
1157 1158
1158 1159
1159 1190
1162 1163
1162 1194
1163 1164
1163 1195
1164 1165
1165 1196
1168 1169
1168 1198
1169 1170
1177 1204
1178 1205
1179 1206
1180 1181
1183 1210
1184 1212
1186 1214
1187 1188
1188 1189
1189 1215
1190 1191
1192 1218
1193 1194
1193 1220
1194 1195
1195 1221
1196 1222
1197 1225
1198 1228
1199 1230
1202 1233
1204 1237
1205 1239
1207 1241
1208 1209
1208 1245
1210 1211
1211 1212
1213 1249
1215 1253
1216 1255
1217 1218
1217 1259
1218 1260
1219 1262
1222 1223
1222 1264
1223 1224
1224 1225
1225 1226
1225 1265
1228 1267
1229 1230
1229 1269
1230 1231
1232 1273
1233 1234
1233 1276
1235 1236
1235 1280
1236 1237
1237 1238
1238 1239
1240 1283
1241 1242
1241 1285
1242 1243
1242 1286
1243 1287
1244 1245
1246 1247
1247 1248
1248 1289
1249 1250
1250 1251
1250 1292
1251 1252
1251 1293
1253 1254
1254 1255
1256 1257
1257 1258
1258 1259
1259 1260
1260 1261
1263 1298
1264 1301
1266 1302
1267 1268
1270 1271
1270 1306
1272 1273
1273 1307
1274 1308
1275 1276
1276 1310
1277 1278
1277 1312
1278 1279
1281 1282
1282 1283
1282 1315
1283 1284
1283 1316
1284 1285
1284 1317
1285 1286
1285 1318
1286 1287
1287 1288
1289 1322
1290 1323
1292 1293
1292 1325
1293 1326
1296 1332
1298 1299
1299 1300
1299 1335
1300 1301
1302 1303
1303 1338
1304 1305
1304 1343
1305 1306
1306 1344
1308 1309
1308 1347
1310 1311
1311 1312
1311 1348
1312 1349
1314 1351
1315 1316
1315 1354
1316 1317
1316 1355
1317 1318
1319 1358
1320 1321
1320 1359
1321 1360
1322 1361
1323 1324
1323 1363
1325 1326
1326 1327
1330 1366
1332 1333
1332 1370
1335 1372
1337 1375
1338 1339
1339 1340
1340 1377
1341 1342
1342 1343
1343 1378
1346 1347
1346 1381
1348 1349
1348 1383
1353 1354
1354 1355
1355 1387
1356 1388
1359 1360
1360 1390
1361 1362
1362 1363
1362 1391
1366 1398
1367 1399
1368 1400
1369 1401
1371 1372
1373 1374
1373 1405
1375 1376
1375 1407
1376 1408
1377 1409
1378 1379
1378 1412
1379 1413
1380 1381
1380 1416
1381 1417
1382 1383
1388 1389
1388 1427
1389 1428
1391 1434
1392 1436
1393 1394
1395 1396
1395 1440
1396 1441
1397 1398
1400 1444
1401 1402
1402 1445
1403 1404
1405 1447
1406 1407
1406 1449
1407 1408
1407 1450
1410 1411
1410 1453
1411 1412
1412 1413
1412 1454
1413 1414
1414 1415
1416 1417
1417 1418
1417 1457
1418 1419
1419 1420
1420 1421
1420 1458
1421 1459
1424 1425
1426 1464
1427 1428
1429 1430
1429 1466
1430 1467
1431 1468
1434 1435
1435 1436
1435 1474
1436 1437
1438 1476
1439 1440
1439 1478
1440 1441
1442 1480
1443 1444
1443 1481
1445 1483
1447 1448
1449 1450
1449 1486
1451 1452
1452 1488
1454 1490
1455 1456
1458 1459
1459 1460
1459 1494
1461 1496
1464 1465
1466 1467
1466 1501
1467 1502
1468 1469
1468 1503
1469 1504
1470 1471
1470 1505
1475 1476
1475 1508
1476 1477
1476 1509
1480 1513
1484 1485
1485 1518
1488 1522
1489 1490
1490 1491
1490 1523
1491 1524
1493 1527
1495 1496
1496 1497
1496 1530
1497 1531
1498 1535
1499 1500
1499 1538
1500 1501
1500 1539
1501 1502
1502 1540
1503 1504
1503 1541
1505 1543
1508 1509
1510 1511
1510 1546
1513 1514
1515 1550
1516 1517
1517 1552
1518 1519
1518 1553
1520 1554
1523 1524
1524 1525
1525 1560
1526 1561
1527 1564
1528 1565
1530 1531
1533 1534
1535 1572
1536 1537
1536 1573
1537 1538
1537 1574
1538 1539
1542 1575
1544 1578
1545 1546
1548 1583
1552 1589
1554 1555
1554 1592
1555 1556
1555 1593
1557 1558
1558 1596
1560 1598
1561 1562
1562 1563
1567 1602
1570 1571
1570 1605
1571 1572
1571 1606
1573 1574
1573 1608
1578 1579
1579 1580
1580 1614
1581 1616
1582 1620
1583 1584
1584 1621
1585 1586
1586 1624
1588 1589
1588 1628
1589 1590
1590 1629
1591 1592
1592 1593
1592 1630
1593 1631
1594 1595
1594 1633
1595 1634
1597 1635
1598 1599
1600 1639
1601 1640
1602 1603
1602 1641
1604 1605
1605 1606
1609 1648
1614 1615
1616 1617
1617 1618
1618 1619
1618 1655
1619 1620
1621 1622
1622 1623
1624 1625
1624 1657
1626 1627
1626 1660
1627 1661
1628 1662
1630 1631
1632 1633
1633 1634
1633 1666
1635 1636
1635 1667
1636 1668
1637 1669
1638 1639
1640 1672
1644 1676
1645 1679
1647 1648
1647 1682
1648 1649
1648 1683
1650 1687
1651 1652
1652 1690
1654 1695
1658 1659
1658 1699
1659 1660
1660 1661
1661 1700
1662 1663
1662 1701
1665 1703
1667 1668
1667 1707
1672 1673
1673 1674
1673 1712
1675 1676
1676 1677
1676 1718
1679 1680
1679 1721
1680 1722
1681 1682
1681 1723
1682 1683
1684 1685
1684 1725
1686 1687
1687 1688
1688 1689
1690 1691
1691 1727
1692 1730
1693 1733
1694 1695
1694 1735
1696 1736
1697 1698
1697 1738
1698 1739
1700 1746
1702 1703
1702 1750
1703 1751
1704 1705
1706 1707
1707 1753
1710 1711
1710 1755
1713 1714
1714 1715
1714 1757
1715 1716
1716 1717
1716 1758
1718 1760
1719 1720
1721 1722
1721 1761
1724 1762
1725 1763
1728 1729
1729 1730
1729 1768
1730 1731
1730 1769
1731 1732
1733 1734
1733 1770
1734 1735
1737 1738
1737 1771
1738 1739
1739 1740
1739 1772
1740 1773
1741 1742
1742 1743
1743 1744
1743 1774
1746 1747
1746 1777
1748 1749
1748 1779
1750 1751
1750 1781
1751 1782
1756 1787
1759 1760
1759 1790
1760 1791
1761 1793
1763 1795
1764 1797
1765 1766
1768 1769
1770 1801
1772 1773
1772 1804
1776 1777
1776 1808
1778 1810
1781 1782
1783 1784
1784 1811
1785 1813
1787 1823
1788 1825
1789 1790
1789 1826
1790 1791
1790 1827
1792 1828
1793 1830
1795 1796
1796 1797
1798 1799
1800 1801
1801 1802
1803 1839
1804 1841
1805 1843
1806 1844
1807 1845
1809 1847
1813 1814
1814 1815
1814 1852
1815 1816
1817 1818
1818 1819
1819 1820
1820 1821
1821 1822
1821 1855
1822 1823
1824 1857
1826 1827
1827 1858
1828 1829
1831 1832
1832 1833
1832 1864
1834 1835
1835 1866
1836 1868
1841 1842
1841 1875
1844 1878
1845 1846
1847 1882
1850 1851
1851 1885
1856 1857
1856 1896
1858 1859
1859 1860
1860 1899
1861 1862
1861 1900
1864 1903
1866 1867
1868 1905
1871 1908
1873 1912
1878 1879
1878 1917
1879 1918
1880 1881
1880 1920
1882 1883
1883 1884
1883 1921
1886 1887
1886 1923
1890 1891
1890 1925
1893 1894
1894 1929
1895 1896
1901 1933
1902 1903
1906 1941
1907 1908
1908 1909
1909 1910
1911 1912
1912 1913
1915 1916
1915 1946
1917 1918
1917 1948
1918 1949
1919 1920
1921 1953
1924 1925
1926 1960
1927 1928
1928 1962
1929 1964
1932 1972
1933 1934
1933 1974
1935 1977
1936 1937
1938 1939
1939 1940
1939 1981
1940 1982
1941 1942
1944 1945
1948 1949
1949 1950
1952 1953
1956 1957
1959 1960
1960 1961
1962 1963
1963 1964
1967 1968
1969 1970
1970 1971
1972 1973
1973 1974
1975 1976
1976 1977
1978 1979
1979 1980
1981 1982
