2010
0 1
2 4
4 5
5 8
8 9
8 11
10 11
11 13
16 20
17 18
17 24
19 25
20 21
21 22
21 27
22 23
24 29
25 26
27 31
28 29
29 33
30 35
33 34
34 35
35 36
36 37
37 38
38 40
40 41
41 48
43 44
43 50
44 45
44 51
47 53
48 55
49 50
50 51
51 58
52 53
53 54
54 55
55 56
56 57
56 62
63 67
64 65
64 69
67 68
70 71
70 79
72 73
73 74
74 75
75 76
75 81
77 78
77 88
78 79
80 90
82 92
84 85
85 86
85 93
87 88
88 95
89 90
90 97
91 98
93 104
95 96
97 107
98 99
99 109
101 102
102 103
103 104
104 105
105 111
107 108
109 118
112 113
112 121
113 114
113 122
114 115
119 120
119 126
121 122
123 131
125 126
125 134
127 128
128 135
129 141
130 131
130 143
131 132
133 145
135 136
135 146
136 137
138 139
144 145
144 152
149 160
150 151
150 161
152 163
154 155
154 164
155 156
155 165
156 166
158 168
159 169
161 173
162 163
162 175
164 165
165 166
167 181
168 182
171 186
172 173
173 174
173 189
174 175
174 190
176 177
177 178
179 180
180 181
182 193
183 184
184 185
184 195
187 188
189 190
189 201
191 202
193 194
193 209
194 210
196 197
196 211
200 201
200 213
201 214
202 203
203 216
204 205
204 217
205 206
207 208
208 209
209 210
213 214
213 222
214 215
214 223
215 224
216 226
217 228
219 220
220 221
221 235
222 223
223 224
223 237
224 225
224 238
227 228
230 231
230 242
232 243
235 248
237 238
240 241
242 255
243 244
243 257
244 245
245 258
246 247
246 260
247 261
248 249
248 262
249 250
251 252
253 265
256 257
257 271
258 259
258 273
259 260
260 261
260 274
261 275
262 276
264 279
265 281
266 267
268 284
269 270
271 272
272 273
272 289
274 275
275 291
276 277
276 292
277 278
278 293
279 280
279 297
283 284
283 301
284 302
285 304
287 307
289 308
290 310
293 294
294 312
295 296
296 297
296 314
298 315
299 300
300 301
300 321
301 302
302 303
303 304
306 307
306 323
308 309
308 326
309 310
309 327
310 311
310 328
311 329
312 313
312 331
315 316
317 318
317 335
318 319
318 336
319 337
320 339
324 344
325 326
326 327
327 328
327 346
328 329
332 350
333 334
335 336
336 337
336 352
337 338
338 339
339 353
340 341
342 343
342 356
344 345
344 357
345 358
347 348
347 363
348 349
350 365
355 371
357 358
357 373
358 359
359 360
360 374
361 362
362 363
362 377
364 365
364 379
367 368
369 382
371 372
371 387
372 388
373 391
375 394
377 396
378 397
382 383
382 405
385 386
386 387
387 388
387 406
389 390
391 392
391 408
392 393
393 409
394 410
395 396
398 413
399 400
399 414
400 415
401 402
401 417
403 419
406 426
407 428
410 411
412 433
414 415
414 437
415 438
416 439
418 440
419 420
419 442
421 422
421 444
422 423
423 424
424 425
425 445
426 427
427 428
427 447
428 448
430 431
430 449
431 450
432 433
434 435
435 451
436 437
436 452
437 438
440 441
441 454
445 446
445 459
447 448
447 460
448 461
449 450
451 464
453 467
454 468
457 458
457 472
460 461
462 463
462 479
463 480
466 488
467 489
469 470
470 492
471 472
473 495
476 497
477 478
478 479
479 480
480 481
480 499
482 483
484 485
486 487
487 503
488 505
489 490
489 507
494 513
497 498
497 519
500 501
501 522
503 504
503 524
504 505
506 507
508 526
511 512
512 528
513 514
514 530
515 533
516 517
518 519
518 535
520 521
520 538
523 524
525 526
529 546
530 531
531 532
531 547
532 533
532 548
536 537
537 557
538 559
539 540
540 541
540 562
541 563
542 564
547 548
548 569
549 570
550 551
551 552
551 572
552 553
552 573
554 555
554 575
557 558
557 576
558 559
558 577
559 560
559 578
560 579
561 581
562 563
564 565
565 584
566 567
570 592
572 573
572 594
574 575
575 595
576 577
577 578
577 598
578 579
580 581
583 603
584 606
586 587
586 610
588 613
589 590
589 615
590 591
590 616
591 617
592 593
592 619
595 596
596 621
599 600
599 624
600 601
600 625
601 602
602 626
603 604
604 605
605 606
606 628
607 629
611 612
612 613
615 616
616 617
618 619
623 624
623 641
624 625
626 642
628 644
629 630
631 632
631 645
632 633
632 646
633 647
634 650
636 637
637 653
639 640
639 661
640 662
643 644
645 646
645 668
646 647
646 669
648 649
655 656
655 678
656 657
656 679
658 659
659 660
659 681
660 661
661 662
662 663
664 665
665 666
665 685
666 686
667 687
668 669
668 689
671 690
676 695
678 679
682 683
682 702
685 686
687 704
688 689
688 706
689 707
690 710
692 716
693 717
694 695
694 718
695 696
695 719
696 697
699 724
700 726
701 730
705 736
706 707
707 708
708 737
709 710
709 739
710 711
711 712
711 740
713 714
713 742
714 715
716 743
717 744
718 719
720 746
722 723
724 725
725 726
725 748
727 728
727 750
728 729
730 752
732 733
734 735
736 758
738 739
738 759
741 742
741 760
742 761
743 763
744 745
745 767
746 747
746 769
747 770
749 750
749 773
751 752
752 753
753 754
754 755
757 758
757 778
758 779
760 761
761 762
761 784
763 764
763 787
764 765
764 788
765 789
766 792
767 793
768 769
768 795
769 770
770 771
770 796
771 772
771 797
773 802
776 807
777 778
778 779
779 811
780 781
782 783
785 815
786 787
787 788
788 789
789 790
789 817
790 791
790 818
792 820
793 821
794 795
794 823
796 797
797 824
798 825
799 800
800 801
800 828
802 803
802 829
804 805
806 832
808 809
809 810
811 834
812 813
813 814
814 839
815 816
817 818
817 845
821 847
822 823
823 848
825 826
826 827
828 851
830 831
833 834
835 836
835 857
836 837
836 858
837 838
837 859
840 861
842 843
843 844
844 845
845 864
847 869
848 870
849 850
849 871
850 872
851 852
851 876
853 881
854 883
856 857
857 858
857 888
858 859
858 889
859 890
864 865
871 872
872 873
874 875
874 899
876 901
877 903
878 879
878 905
882 883
882 908
883 884
884 909
886 887
887 911
888 889
889 890
889 912
890 891
890 913
893 915
894 895
895 919
896 897
896 924
898 899
898 926
900 927
901 902
902 903
902 928
903 904
903 929
904 905
904 930
905 931
907 908
908 934
909 936
911 939
912 913
912 940
914 915
915 942
916 944
917 918
918 945
920 921
920 948
925 955
928 929
928 959
929 930
930 931
932 933
934 935
935 936
935 962
936 963
937 964
938 939
938 966
940 968
942 943
946 947
946 973
947 948
947 974
949 950
949 978
950 951
953 954
953 982
955 956
956 983
957 984
960 961
960 986
962 963
962 990
963 991
964 993
965 966
967 996
968 969
972 1002
973 974
973 1004
975 976
976 1005
977 978
979 980
981 982
981 1008
984 1010
987 988
988 989
990 991
991 992
992 993
995 996
996 1018
997 1023
998 1025
1000 1029
1001 1002
1002 1003
1002 1032
1003 1004
1005 1035
1006 1007
1008 1042
1009 1045
1010 1011
1012 1013
1012 1047
1013 1048
1014 1050
1017 1054
1018 1019
1018 1057
1019 1058
1020 1021
1020 1060
1021 1022
1022 1023
1023 1024
1023 1061
1024 1025
1024 1062
1025 1026
1025 1063
1026 1027
1027 1064
1029 1030
1029 1067
1030 1031
1030 1068
1031 1069
1034 1035
1034 1071
1035 1036
1036 1037
1037 1038
1037 1072
1040 1041
1042 1043
1043 1076
1044 1045
1044 1077
1045 1078
1046 1081
1047 1048
1048 1049
1050 1084
1051 1052
1051 1085
1052 1086
1054 1055
1055 1056
1055 1091
1056 1092
1057 1058
1057 1094
1058 1059
1059 1060
1060 1095
1061 1062
1062 1063
1062 1097
1063 1098
1064 1065
1065 1099
1067 1068
1068 1069
1068 1101
1069 1102
1070 1071
1073 1106
1076 1108
1077 1078
1077 1109
1078 1079
1079 1110
1081 1082
1081 1114
1083 1084
1083 1117
1085 1086
1088 1089
1089 1120
1091 1092
1091 1124
1092 1093
1093 1094
1093 1125
1097 1098
1098 1127
1099 1128
1100 1130
1101 1102
1101 1131
1102 1132
1103 1104
1103 1133
1105 1134
1107 1137
1109 1140
1110 1111
1110 1141
1111 1142
1112 1113
1112 1144
1113 1114
1114 1145
1116 1117
1117 1148
1120 1121
1120 1152
1121 1122
1122 1153
1123 1124
1124 1154
1125 1155
1126 1159
1129 1130
1129 1166
1130 1167
1131 1132
1133 1169
1134 1170
1138 1172
1139 1173
1141 1142
1142 1143
1142 1177
1143 1144
1145 1146
1145 1179
1146 1180
1147 1181
1149 1184
1151 1185
1155 1156
1157 1158
1158 1159
1159 1160
1160 1161
1161 1162
1161 1189
1162 1190
1163 1164
1164 1191
1165 1166
1166 1167
1166 1193
1167 1168
1167 1194
1170 1196
1173 1202
1174 1203
1175 1205
1177 1206
1178 1179
1178 1208
1179 1180
1180 1209
1181 1182
1181 1211
1185 1186
1185 1213
1186 1214
1187 1217
1188 1220
1189 1190
1191 1192
1191 1224
1192 1225
1193 1194
1194 1227
1195 1196
1197 1198
1198 1199
1198 1234
1199 1200
1199 1235
1200 1201
1203 1204
1204 1205
1204 1239
1205 1240
1207 1208
1208 1246
1209 1210
1210 1211
1212 1249
1213 1214
1213 1251
1215 1216
1216 1217
1217 1218
1217 1252
1220 1221
1221 1222
1221 1253
1222 1223
1224 1225
1225 1226
1226 1256
1227 1228
1227 1257
1229 1259
1230 1231
1231 1261
1233 1263
1234 1235
1234 1264
1236 1265
1237 1238
1239 1240
1240 1241
1240 1268
1241 1242
1241 1269
1242 1243
1243 1244
1244 1270
1246 1247
1248 1276
1250 1251
1253 1283
1254 1284
1258 1259
1259 1260
1260 1288
1261 1290
1262 1293
1264 1295
1265 1297
1266 1267
1266 1300
1267 1301
1268 1269
1268 1304
1271 1308
1273 1274
1275 1276
1276 1277
1279 1316
1280 1281
1281 1282
1281 1318
1282 1319
1283 1321
1284 1285
1284 1323
1286 1287
1286 1324
1288 1289
1289 1290
1292 1293
1294 1295
1294 1329
1295 1330
1297 1332
1298 1299
1298 1334
1300 1301
1302 1303
1303 1304
1306 1307
1307 1308
1308 1340
1309 1310
1309 1341
1310 1342
1311 1312
1313 1314
1313 1347
1314 1315
1316 1317
1318 1319
1318 1349
1319 1320
1320 1350
1321 1351
1322 1323
1323 1353
1325 1326
1325 1355
1329 1330
1330 1361
1331 1332
1332 1333
1333 1334
1334 1362
1336 1337
1338 1339
1339 1369
1341 1342
1341 1372
1343 1344
1345 1346
1346 1376
1347 1380
1348 1349
1351 1352
1351 1384
1353 1354
1354 1385
1356 1389
1358 1359
1362 1396
1364 1365
1365 1366
1365 1397
1369 1370
1370 1371
1372 1403
1373 1374
1373 1404
1374 1375
1374 1405
1376 1377
1377 1407
1378 1379
1382 1410
1385 1386
1385 1413
1386 1414
1388 1389
1389 1390
1390 1415
1391 1392
1395 1424
1400 1401
1401 1402
1404 1405
1408 1437
1409 1410
1412 1441
1413 1414
1413 1444
1414 1445
1417 1449
1418 1450
1419 1420
1420 1451
1421 1422
1422 1423
1422 1452
1423 1424
1428 1429
1429 1430
1429 1462
1432 1433
1433 1434
1433 1466
1434 1435
1434 1467
1435 1436
1436 1437
1437 1438
1438 1439
1439 1468
1441 1470
1442 1443
1442 1473
1443 1444
1444 1445
1448 1478
1449 1479
1453 1454
1453 1486
1457 1487
1458 1489
1459 1460
1459 1492
1460 1493
1461 1496
1462 1497
1464 1499
1465 1500
1466 1467
1466 1503
1468 1507
1469 1470
1471 1472
1472 1473
1474 1511
1476 1477
1478 1514
1479 1480
1482 1483
1483 1517
1484 1520
1486 1521
1487 1488
1488 1489
1489 1490
1489 1528
1491 1492
1492 1493
1494 1529
1495 1496
1497 1498
1501 1502
1502 1503
1503 1532
1504 1505
1504 1533
1505 1506
1507 1535
1510 1511
1511 1512
1511 1540
1512 1541
1515 1545
1517 1518
1517 1547
1518 1519
1518 1548
1519 1520
1519 1549
1520 1550
1522 1523
1522 1552
1524 1525
1524 1553
1525 1554
1526 1527
1531 1564
1532 1569
1534 1535
1536 1537
1536 1574
1537 1575
1538 1577
1540 1541
1540 1580
1542 1543
1542 1581
1545 1546
1545 1583
1546 1584
1547 1548
1548 1549
1548 1586
1549 1550
1549 1587
1550 1588
1552 1592
1553 1554
1554 1595
1557 1558
1557 1600
1558 1559
1559 1601
1563 1606
1564 1565
1564 1610
1565 1566
1566 1567
1568 1569
1568 1612
1569 1570
1572 1573
1573 1574
1574 1575
1575 1617
1576 1577
1576 1619
1577 1578
1580 1622
1581 1624
1582 1583
1582 1628
1583 1584
1583 1629
1586 1587
1586 1630
1587 1588
1588 1589
1589 1631
1591 1592
1592 1593
1593 1594
1595 1634
1596 1635
1597 1598
1597 1639
1598 1640
1600 1642
1601 1602
1604 1644
1605 1606
1607 1608
1609 1610
1611 1647
1612 1648
1614 1651
1615 1616
1617 1618
1617 1654
1618 1619
1618 1655
1620 1657
1621 1622
1622 1623
1623 1659
1624 1661
1626 1627
1626 1662
1627 1663
1628 1629
1628 1666
1630 1668
1631 1632
1632 1671
1633 1634
1635 1636
1636 1637
1636 1675
1637 1638
1638 1639
1639 1640
1641 1678
1642 1643
1647 1688
1648 1649
1649 1689
1651 1652
1653 1654
1654 1655
1655 1692
1658 1694
1659 1660
1660 1661
1660 1696
1661 1697
1662 1663
1663 1664
1663 1701
1664 1702
1665 1666
1665 1704
1666 1705
1668 1669
1668 1709
1669 1670
1672 1711
1673 1674
1673 1713
1676 1677
1676 1715
1677 1716
1678 1717
1679 1680
1680 1681
1680 1720
1681 1682
1682 1721
1683 1684
1685 1686
1688 1725
1689 1727
1693 1733
1694 1695
1696 1697
1697 1737
1698 1699
1699 1700
1700 1739
1701 1702
1702 1703
1703 1704
1704 1705
1705 1706
1705 1740
1706 1741
1707 1708
1708 1709
1709 1743
1710 1711
1711 1712
1715 1716
1718 1719
1721 1751
1723 1753
1725 1755
1726 1727
1727 1728
1728 1757
1730 1762
1733 1734
1733 1764
1734 1735
1737 1738
1737 1765
1740 1741
1740 1768
1741 1769
1743 1771
1746 1747
1748 1749
1752 1785
1754 1755
1754 1791
1755 1756
1757 1758
1759 1760
1763 1764
1765 1800
1766 1801
1767 1803
1768 1769
1772 1773
1774 1775
1774 1809
1775 1776
1775 1810
1777 1812
1778 1813
1779 1780
1780 1815
1784 1821
1785 1786
1786 1787
1786 1823
1787 1788
1787 1824
1788 1789
1789 1825
1791 1827
1794 1830
1798 1835
1800 1839
1802 1803
1804 1842
1805 1846
1806 1849
1807 1808
1809 1810
1811 1812
1815 1854
1817 1856
1818 1858
1821 1822
1822 1864
1823 1824
1824 1865
1825 1826
1827 1828
1827 1868
1829 1870
1830 1831
1834 1877
1835 1836
1836 1879
1837 1838
1837 1880
1838 1839
1841 1842
1842 1881
1844 1845
1844 1883
1846 1847
1847 1884
1848 1849
1852 1853
1853 1854
1856 1857
1856 1889
1857 1858
1857 1890
1858 1859
1861 1862
1861 1893
1865 1898
1866 1867
1866 1902
1869 1870
1871 1872
1872 1905
1876 1877
1876 1908
1877 1878
1877 1909
1878 1910
1879 1911
1880 1912
1881 1882
1882 1917
1883 1919
1885 1922
1886 1887
1887 1924
1888 1889
1889 1890
1890 1930
1892 1932
1893 1934
1895 1936
1896 1897
1897 1898
1897 1938
1898 1899
1899 1900
1899 1939
1900 1901
1901 1902
1901 1940
1902 1941
1905 1906
1905 1943
1907 1908
1908 1909
1909 1910
1911 1947
1912 1949
1913 1914
1914 1952
1915 1953
1916 1954
1918 1919
1919 1920
1919 1956
1922 1960
1925 1926
1927 1967
1930 1931
1931 1970
1934 1973
1935 1975
1936 1937
1936 1977
1939 1979
1940 1941
1945 1983
1947 1987
1948 1949
1949 1950
1949 1988
1950 1989
1954 1955
1954 1992
1956 1995
1957 1958
1958 1959
1961 1962
1963 1964
1965 1966
1965 2000
1966 2001
1968 1969
1968 2003
1972 1973
1973 1974
1975 1976
1976 1977
1979 1980
1984 1985
1985 1986
1988 1989
1991 1992
1994 1995
1995 1996
2000 2001
2002 2003
2004 2005
